6.65835 2.636 1.1025 -11.666 4.656000000000001 1.458 1.5470000000000002 0.99 5.67468 1.25435 1.2778749999999999 1 
8.6583 2.636 1.1025 -18.0 4.981333333333334 3.076 1.912 1.226 8.11374 2.60245 2.4543749999999998 1 
16.660800000000002 2.636 1.1025 -21.456 8.964 2.4619999999999997 2.895 2.009 11.93048 1.9281000000000001 1.993875 1 
26.11745 2.636 1.1025 -69.9 12.756 2.95 4.4215 2.642 12.6601 3.06135 3.603 1 
10.6906 2.128 0.697 -30.9 7.776 2.4059999999999997 2.659 1.286 7.36302 1.87115 2.187125 1 
8.713750000000001 2.636 1.1025 -14.0 7.218666666666667 1.336 1.7995 1.244 7.6365 2.27285 2.620125 1 
5.1992 -4.679 -1.5 -16.0 2.08 2.19 1.431 0.82 1.10434 0.4749 1.157125 1 
5.58175 2.636 1.1025 -10.998 4.720000000000001 1.65 1.2595 1.1400000000000001 9.47218 1.47135 1.74425 1 
13.8996 2.636 1.1025 -31.0 10.502666666666666 2.346 2.1055 1.55 8.9008 2.6302000000000003 3.23975 1 
-4.66035 -4.0575 -1.5 1.8399999999999999 -7.533333333333333 0.108 -1.495 0.0 -5.08682 -2.50085 -1.5972499999999998 0 
-4.5096 -4.734 -1.5 1.8 -7.734666666666667 0.024 -1.483 0.0 -5.68396 -2.6623 -1.78725 0 
-2.40365 -1.8925 -1.1425 1.334 -3.264 0.69 -1.4175 0.012 0.36959 -1.48875 -1.02625 0 
0.416775 -1.8984999999999999 0.0485 0.0495 -1.8746666666666667 0.562 -1.089 0.156 0.80187 -1.2730000000000001 0.895 0 
1.7094 -1.3845 0.153 -1.15 0.156 1.13 1.0085 0.332 1.9944199999999999 0.4106 1.154375 0 
-4.34085 -4.483499999999999 -1.49725 1.799 -6.8133333333333335 0.054 -1.496 0.0 -4.66888 -2.3861 -1.597 0 
8.4427 2.636 1.1025 -13.0 0.8006666666666666 0.788 1.403 1.6615 11.66032 1.08635 1.32775 1 
-2.2165 -3.5005 -1.332 0.0 -2.612 0.508 0.001 0.156 -2.24572 -1.4095 0.52 0 
-3.56365 -3.8255 -1.32575 1.85 -6.453333333333333 0.114 -1.139 0.0 -3.1649 -2.0779 -1.35775 0 
0.521025 -1.393 0.5165 0.15 -1.4146666666666667 0.562 0.087 0.156 0.82788 -1.0849 0.79675 0 
-4.2727 -3.974 -1.5 1.9 -6.78 0.146 -1.326 0.002 -4.45336 -2.40915 -1.609875 0 
0.44025 -1.939 0.0355 0.125 -1.2506666666666666 0.678 0.057 0.156 0.62747 0.1758 0.75775 0 
3.14965 2.636 1.1025 -2.0 0.8953333333333333 0.836 1.112 0.18 4.44282 0.9124 1.130875 1 
0.846025 1.3785 0.4995 0.2995 0.36733333333333335 0.94 0.47 0.038 1.84798 0.9243 1.069875 0 
0.81405 1.4875 0.6885 0.2995 0.446 1.102 0.394 0.156 1.52092 0.605 1.065125 0 
-1.32315 -1.697 -1.005 1.001 -4.277333333333333 0.318 -1.311 0.171 0.91396 -1.89975 -1.303125 0 
-2.5321 -1.937 -1.1285 1.312 -3.328 0.466 -1.1724999999999999 0.156 -1.13882 -1.634 -1.1095 0 
3.53675 2.636 1.1025 -1.188 -1.4973333333333334 0.684 0.484 0.367 4.8842 0.4692 0.85725 1 
-3.63325 -4.4165 -1.5 1.212 -7.117333333333334 0.11 -1.421 0.024 -3.22152 -2.2413499999999997 -1.4705 0 
-2.0314 -1.728 0.142 0.0 -3.3653333333333335 0.772 -1.153 0.014 -1.04738 -1.63225 -1.077375 0 
0.936075 -1.873 -1.5 0.833 -2.158666666666667 0.876 1.058 0.406 -1.8370199999999999 -1.08725 0.66525 0 
5.18095 2.636 1.1025 -3.855 3.0973333333333333 1.458 1.227 0.358 5.59898 1.05575 1.407375 1 
-4.86315 -4.9175 -1.5 1.9 -8.116 0.0 -1.498 0.0 -6.46734 -2.7245 -1.717875 0 
0.7651 1.3935 0.593 0.25 -3.2626666666666666 0.468 -1.0505 0.156 2.69856 -1.4335499999999999 -1.061375 0 
0.0615 -1.658 0.4865 0.75 -2.341333333333333 0.648 0.06 0.0 0.00079 -1.21865 0.04375 1 
-4.3744 -4.5105 -1.40125 1.62 -6.898666666666666 0.252 -1.4725 0.0 -4.1984200000000005 -2.4049 -1.609875 0 
0.76595 1.4995 0.142 0.744 0.24333333333333335 0.68 0.475 0.024 0.82347 0.3182 0.1655 0 
-4.3975 -3.9355 -1.5 1.55 -7.193333333333333 0.036 -1.487 0.0 -4.5234000000000005 -2.25305 -1.5811250000000001 0 
3.42855 2.636 1.1025 -2.65 2.348 1.112 1.291 0.202 1.0777 1.14905 1.438625 1 
-4.61285 -4.724 -1.5 1.9 -7.697333333333333 0.096 -1.4929999999999999 0.004 -5.2191 -2.5374 -1.651 0 
-4.3096499999999995 -4.711 -1.5 1.8 -6.86 0.05 -1.463 0.008 -4.30758 -2.3623000000000003 -1.45 0 
-4.817349999999999 -4.970000000000001 -1.5 1.9 -8.222666666666667 0.0 -1.4969999999999999 0.002 -6.29434 -2.69745 -1.748125 0 
3.2539 0.4155 -1.5 -3.222 0.318 0.932 0.7 0.252 4.98064 -1.11965 0.43175 1 
-2.6782 -2.4859999999999998 -1.327 1.534 -4.216 0.336 -1.363 0.012 -1.5082200000000001 -1.5110000000000001 0.21525 0 
3.59745 2.636 1.1025 -1.888 -1.1506666666666667 0.782 0.707 0.32 5.92066 0.9153 0.7845 1 
-2.95965 -3.025 -1.2705 0.0 -5.838666666666667 0.16 -1.4085 0.02 0.30045 -1.98715 -1.3425 1 
1.1898 2.5865 1.1025 1.0 0.5393333333333333 1.1400000000000001 0.89 0.066 2.58214 0.6443 1.14375 0 
0.070575 -2.6630000000000003 -1.5 0.05 -3.3893333333333335 0.63 0.275 0.164 -1.34784 -1.8066 -1.24575 0 
7.3901 2.636 1.1025 -7.888 5.824 1.6400000000000001 1.714 1.196 6.7336 1.8654 2.07675 1 
3.0856 2.636 1.1025 -1.201 -1.5453333333333332 0.462 0.719 0.724 5.04446 -1.0642 0.8 1 
0.44445 0.0275 0.317 0.0495 -1.22 0.886 -1.149 0.156 2.47206 -1.1752 0.88525 0 
-2.8546 -3.539 -1.5 1.334 -5.149333333333334 0.198 -1.4235 0.0 -2.29028 -1.9216 -1.1 0 
-4.3154 -4.538 -1.424 1.7 -6.773333333333333 0.08 -1.468 0.014 -3.65118 -2.29685 -1.5215 0 
-3.9422 -3.64 -1.39275 1.85 -6.750666666666667 0.246 -1.463 0.032 -3.63964 -2.3186999999999998 -1.402375 0 
-1.8343 -2.322 -1.5 1.001 -6.776 0.074 -1.377 0.053 -3.19526 -2.1604 -1.532125 0 
-3.3706 -3.3505 -1.5 1.3 -4.698666666666666 0.254 -1.2525 0.002 -2.7386999999999997 -1.6653 -1.24325 0 
0.66355 1.4205 -1.00525 0.5 -2.198666666666667 0.828 0.509 0.156 0.3829 0.1753 0.734 0 
-3.4029 -2.7085 -1.29 1.2 -5.193333333333333 0.44 -1.2905 0.014 -2.85454 -2.00655 -1.225875 0 
-4.6003 -4.897 -1.49725 1.88 -7.553333333333334 0.018 -1.5 0.004 -4.57882 -2.62705 -1.629 0 
4.8709 2.636 1.1025 -3.8 -2.0453333333333332 0.602 1.1400000000000001 1.2395 5.48928 0.5479 0.91025 1 
-2.8958 -1.919 0.22 1.28 -4.206666666666667 0.34 -1.2645 0.006 -1.72752 -1.5936 -1.117875 0 
7.4104 2.636 1.1025 -7.999 5.206666666666667 1.282 1.4889999999999999 0.83 8.52248 1.4074 1.389875 1 
1.81575 -1.1425 -1.5 -2.5 0.4866666666666667 1.616 1.172 0.836 0.11633 0.7859 1.413125 0 
0.3213 -2.779 -1.5 0.5995 -1.7093333333333334 0.476 -1.03 0.364 0.05634 0.1759 1.168625 0 
-1.55465 -2.775 -1.5 0.4 -3.2133333333333334 1.42 -1.2515 0.064 -1.65866 -1.3550499999999999 0.33325 0 
-2.08345 -1.616 -1.06975 1.001 -2.2706666666666666 1.048 -1.4455 0.0 0.10949 -1.4292500000000001 0.3685 0 
-1.5828 -2.7504999999999997 -1.0705 1.112 -2.2106666666666666 0.72 -1.4325 0.014 0.49296 -1.4817 0.39075 0 
7.42595 2.636 1.1025 -11.888 5.896 2.066 1.5735000000000001 1.19 7.24472 2.0622499999999997 2.2184999999999997 1 
-1.3338999999999999 -2.233 -1.1 0.5995 -2.8706666666666667 0.838 -1.0525 0.026 0.2667 -1.2352 0.4505 1 
-3.89685 -3.6845 -1.5 1.601 -7.6626666666666665 0.0 -1.3479999999999999 0.0 -5.9392 -2.5566 -1.6487500000000002 0 
1.36115 0.002 -1.5 -2.5 -3.2813333333333334 0.216 0.492 0.36 2.40936 -1.20385 0.02575 1 
1.5531000000000001 1.3345 0.6055 0.55 0.6886666666666666 0.784 0.714 0.237 2.77482 0.6587 1.56375 0 
-4.174300000000001 -3.902 -1.5 1.8 -6.757333333333333 0.118 -1.461 0.0 -4.4791 -2.4095 -1.512375 0 
-4.2077 -3.932 -1.5 1.8 -6.934666666666667 0.136 -1.474 0.0 -4.080159999999999 -2.137 -1.36025 0 
-2.9717000000000002 -4.306 -1.5 1.31 -4.733333333333333 0.292 -1.2685 0.0 -2.91462 -1.63945 -1.3479999999999999 0 
-1.8959000000000001 -2.8695 -1.5 0.8 -3.1386666666666665 0.858 -1.13 0.0 -1.7207599999999998 -1.2318500000000001 0.52525 1 
-4.369949999999999 -4.979 -1.5 1.8199999999999998 -7.256 0.076 -1.487 0.0 -5.44522 -2.58555 -1.606875 0 
-2.1122 -2.5555000000000003 -1.2974999999999999 1.001 -3.013333333333333 0.616 -1.2125 0.114 -1.41962 -1.65655 0.07575 0 
5.533 2.636 1.1025 -6.2 4.545333333333334 1.478 1.233 0.558 5.45632 1.6280000000000001 1.973125 1 
2.7548500000000002 2.636 1.1025 -1.333 0.686 1.116 1.276 0.446 2.13238 0.8457 1.46425 1 
-3.4282 -2.839 -1.5 1.634 -6.532 0.1 -1.375 0.032 -3.23308 -1.916 0.00675 0 
-3.78515 -3.8255 -1.5 1.65 -5.762666666666667 0.188 -1.4465 0.002 -3.37958 -2.2168 -1.475875 0 
-3.60985 -4.298500000000001 -1.5 1.7 -7.224 0.014 -1.453 0.022 -3.40054 -2.34395 -1.617375 0 
-3.57375 -3.456 -1.5 1.6 -6.441333333333334 0.256 -1.2775 0.002 -3.92934 -2.2172 -1.5242499999999999 0 
-3.83895 -3.9295 -1.5 1.75 -6.128 0.17 -1.4689999999999999 0.01 -4.2390799999999995 -2.01255 -1.22525 0 
-3.83975 -3.643 -1.5 1.7 -6.486666666666666 0.11 -1.483 0.029 -3.31276 -2.4413 -1.6675 0 
1.55555 1.7255 0.667 0.65 -2.66 0.942 0.034 0.156 3.10588 0.0789 0.44175 1 
-4.0655 -4.2265 -1.5 1.734 -6.666666666666667 0.122 -1.468 0.0 -3.84372 -2.34455 -1.550125 0 
-4.6429 -4.4415 -1.5 1.9 -7.752 0.1 -1.499 0.0 -5.39038 -2.6733000000000002 -1.7725 0 
3.08095 1.332 -1.00025 -1.333 0.7173333333333334 0.998 1.3435000000000001 0.36 1.46444 0.6494 1.043625 1 
-3.15425 -3.259 -1.5 1.534 -5.009333333333333 0.296 -1.435 0.046 -1.5569 -2.0896 -1.453125 0 
-4.1538 -4.285 -1.32125 1.701 -6.418666666666667 0.176 -1.486 0.008 -3.85758 -2.35 -1.410125 0 
1.7515 2.4995000000000003 1.05575 0.6 0.36133333333333334 0.888 0.432 0.164 0.95553 0.2176 0.79075 1 
-3.309 -2.995 -1.5 1.25 -4.121333333333333 0.396 -1.2985 0.0 -1.73476 -2.03055 -1.317 0 
-1.19815 -3.7095 -1.346 0.75 -3.2253333333333334 0.634 -1.099 0.002 4.60874 -1.6444999999999999 0.21775 0 
-3.25535 -2.651 -1.5 1.44 -5.104 0.138 -1.411 0.004 -2.33574 -1.8827 -1.26525 0 
-4.7181999999999995 -4.3115000000000006 -1.5 1.812 -7.778666666666667 0.068 -1.498 0.0 -5.50382 -2.65515 -1.774875 0 
0.2369 0.624 0.367 0.2 -1.156 0.734 -1.156 0.114 0.45427 -1.08305 1.068875 0 
0.554375 1.138 0.306 0.75 0.056666666666666664 0.972 0.388 0.156 0.87347 -1.0733 0.459 1 
-3.26975 -3.573 -1.5 0.0555 -4.284 0.562 -1.4 0.004 -2.57278 -1.7195 -1.191 0 
1.8578000000000001 -1.6555 -1.0575 0.85 0.504 1.084 1.1335 0.316 1.60582 0.728 1.429125 1 
-4.7871500000000005 -4.979 -1.5 1.9 -7.704 0.0 -1.5 0.0 -6.04454 -2.7706 -1.845 0 
-3.52555 -4.0425 -1.5 1.3 -4.056 0.502 -1.414 0.0 -2.6684799999999997 -1.9224 -1.232625 0 
-4.51715 -4.07 -1.5 1.88 -7.793333333333333 0.04 -1.499 0.0 -4.93046 -2.6016500000000002 -1.7337500000000001 0 
-4.5334 -4.7285 -1.5 1.8599999999999999 -7.285333333333333 0.068 -1.5 0.0 -4.92316 -2.5365 -1.6355 0 
-4.3530999999999995 -4.2855 -1.5 1.8 -6.834666666666666 0.136 -1.472 0.0 -4.42708 -2.30165 -1.5675 0 
4.22455 2.636 1.1025 -2.333 1.1866666666666668 1.466 1.307 0.448 3.3613 1.5664 2.051125 1 
-2.64285 -3.375 -1.3525 1.2 -4.384 0.69 -1.409 0.02 -1.5721 -1.6921 -1.24025 0 
-3.4752 -3.278 -1.3525 1.499 -6.657333333333334 0.134 -1.457 0.113 -1.73332 -2.31475 -1.509 0 
-2.2133000000000003 -2.9915000000000003 -1.2389999999999999 1.28 -2.825333333333333 0.458 -1.229 0.004 0.44066 -1.7264 -1.288375 0 
-3.5921 -3.617 -1.5 1.55 -5.449333333333334 0.402 -1.437 0.022 -3.87756 -1.9864000000000002 -1.2485 0 
3.96935 1.237 0.6705 -2.5 2.3666666666666667 0.73 1.3525 0.95 1.6368200000000002 0.6542 1.40975 1 
-2.4595000000000002 -3.865 -1.392 1.45 -4.1386666666666665 0.392 -1.466 0.0 -1.72626 -1.96915 -1.2702499999999999 0 
0.943 -3.0035 -1.5 -1.5550000000000002 0.07266666666666667 0.988 0.373 0.156 1.7450999999999999 -1.11905 0.53875 1 
-3.98335 -4.244 -1.5 1.5 -5.868 0.338 -1.467 0.002 -4.36888 -2.11275 -1.417375 0 
-3.37365 -3.7035 -1.3832499999999999 1.4 -5.242666666666667 0.18 -1.4365 0.008 -1.78332 -2.1098 -1.42625 0 
0.48635 1.4485000000000001 0.5035 0.25 -1.208 0.836 0.052 0.156 1.05192 0.4428 1.181875 0 
-3.9618 -4.228 -1.5 1.7 -7.448 0.158 -1.482 0.0 -3.53316 -2.28695 -1.573 0 
-3.38405 -4.4585 -1.39375 1.679 -6.068 0.16 -1.333 0.0 -1.92472 -2.07145 -1.333 0 
-1.33225 -2.157 -1.5 0.425 -2.3213333333333335 1.028 0.233 0.018 -1.59084 -1.1305 0.7595 0 
-3.05135 1.6635 0.239 1.35 -4.426666666666667 0.46 -1.2645 0.13 -2.86648 -1.33685 0.22575 0 
0.76595 1.113 0.7045 0.65 -3.3533333333333335 0.366 0.153 0.138 2.90578 -1.3486500000000001 -1.19725 1 
-4.7677499999999995 -4.9145 -1.5 1.7 -7.5986666666666665 0.02 -1.5 0.0 -6.14616 -2.6673 -1.6441249999999998 0 
-1.11775 -1.4685000000000001 -1.02875 1.201 -6.38 0.096 0.034 0.016 1.6468 -1.46655 -1.2726250000000001 0 
4.77755 2.636 1.1025 -3.3 0.08 0.916 1.5525 1.208 7.19564 0.7847 0.73075 1 
-4.88355 -4.979 -1.5 1.9 -8.308 0.0 -1.5 0.0 -6.2023 -2.9088000000000003 -1.92775 0 
2.4074999999999998 2.593 1.1025 0.4995 0.686 0.956 0.478 0.16 1.39426 0.8744 1.6248749999999998 0 
2.37645 2.0665 1.1025 -1.501 1.0093333333333334 1.37 0.912 0.272 2.13096 1.2669000000000001 1.409 1 
0.813975 1.258 0.0575 0.333 -2.268 0.882 -1.0885 0.156 0.69572 -1.26095 -1.14025 0 
3.10705 0.0625 -1.5 -4.0 2.2573333333333334 1.782 1.241 0.156 1.37474 1.0946 1.318625 1 
-2.26125 -2.9074999999999998 -1.5 0.1 -3.7586666666666666 0.636 -1.1535 0.116 -2.42326 -1.69605 0.30975 0 
-3.0324 -3.1025 -1.5 1.5 -4.848 0.24 -1.4405000000000001 0.006 -2.73262 -2.2439 -1.4635 0 
1.48795 1.7585 1.06 0.6 -4.217333333333333 0.442 -1.1405 0.052 -1.94402 -1.4474 0.54775 0 
-4.83075 -4.979 -1.5 1.9 -8.18 0.0 -1.5 0.0 -6.5471 -2.8615 -1.835 0 
-2.5449 -3.1385 -1.5 1.25 -4.928 0.424 0.025 0.156 -3.01964 -1.55395 -1.264625 0 
1.2134 1.017 0.6275 -1.65 -4.964 0.414 -1.41 0.381 0.05746 -1.867 -1.273125 1 
-4.67595 -4.786 -1.5 1.85 -8.162666666666667 0.0 -1.5 0.0 -5.45712 -2.7636000000000003 -1.80125 0 
-3.8223 -4.223 -1.4575 1.8 -6.941333333333334 0.198 -1.4809999999999999 0.0 -2.84166 -2.3952999999999998 -1.43825 0 
2.2765500000000003 -3.716 -1.5 -4.02 1.62 1.354 1.123 0.164 0.65555 0.6002 1.546125 0 
-4.1952 -4.8655 -1.5 1.675 -5.7026666666666666 0.418 -1.4729999999999999 0.0 -4.49768 -2.3186999999999998 -1.443125 0 
-4.4882 -4.962 -1.5 1.846 -7.525333333333333 0.074 -1.498 0.0 -5.3658 -2.45485 -1.440125 0 
-3.3102 -1.108 0.1805 1.8 -4.865333333333334 0.246 -1.4689999999999999 0.0 -2.0153 -2.0704000000000002 -1.178625 0 
1.87225 0.431 -1.5 -2.3 0.6893333333333334 1.102 1.4064999999999999 0.06 1.7752599999999998 1.0203 0.969 1 
6.74835 0.4085 -1.5 -18.9 5.412 2.27 1.7845 0.632 4.485799999999999 1.93835 1.8639999999999999 1 
-1.8606500000000001 -1.4625 -1.5 0.15 -3.6013333333333333 0.532 -1.199 0.032 -1.50324 -1.5766499999999999 0.2935 0 
-4.42755 -4.724 -1.5 1.8199999999999998 -7.817333333333333 0.046 -1.495 0.0 -4.689220000000001 -2.52495 -1.7235 0 
1.9398499999999999 1.2225 0.6165 -1.5 1.0813333333333333 1.3820000000000001 0.844 0.094 2.2209000000000003 1.1692 1.448375 1 
-2.8691500000000003 -3.334 -1.5 1.15 -4.0906666666666665 0.67 -1.3475 0.0 -2.30688 -1.7883499999999999 -1.005 0 
-3.8441 -3.9195 -1.4575 1.501 -7.282666666666667 0.046 -1.4929999999999999 0.046 -1.6573600000000002 -2.3173500000000002 -1.5685 0 
5.18035 2.636 1.1025 -2.333 2.6559999999999997 0.738 1.2995 0.316 3.064 1.4667 1.284125 1 
-4.83215 -4.979 -1.5 1.9 -7.836 0.02 -1.5 0.0 -5.84496 -2.7596 -1.7898749999999999 0 
-4.3183 -4.648 -1.5 1.712 -7.062666666666667 0.098 -1.346 0.0 -4.43196 -2.2751 -1.5902500000000002 0 
2.0410500000000003 0.9545 0.1445 -1.2 0.5846666666666667 1.17 0.447 0.156 1.8936 1.09565 1.3525 1 
0.6453 -2.8965 -1.5 -1.2 -5.206666666666667 0.454 -1.097 0.321 0.77434 -1.78375 0.08975 1 
-1.9985 -2.466 -1.5 0.1495 -4.209333333333333 0.56 -1.105 0.046 -1.7762799999999999 -1.59175 -1.099125 0 
-3.15815 -3.2485 -1.25925 1.462 -4.684 0.44 -1.447 0.038 -1.01554 -1.8525 -1.382125 0 
0.621175 -1.0995 -1.5 0.75 0.084 0.918 -1.0435 0.044 0.5476 -1.0654 0.74025 1 
0.37755 0.719 0.17 1.001 -1.236 0.916 -1.0455 0.104 0.54853 -1.02505 1.115375 1 
2.7839 2.636 1.1025 -2.0 1.8199999999999998 1.194 0.455 0.028 2.5294 1.2875 1.6801249999999999 1 
2.01255 0.431 -1.5 -1.2 0.3313333333333333 0.914 1.366 0.364 0.96574 1.1606 1.576625 1 
-4.14925 -3.1 -1.219 1.8 -5.781333333333333 0.232 -1.4615 0.0 -3.0519 -1.8949500000000001 -1.3948749999999999 0 
-3.37675 -3.9655 -1.5 1.45 -4.746666666666666 0.308 -1.3335 0.01 -2.8202 -2.0805 -1.270875 0 
-1.6642000000000001 -2.9455 -1.5 0.3 -2.548 0.852 -1.3455 0.156 -1.49868 -1.4704 0.12425 0 
0.100175 1.546 0.874 0.05 -1.896 0.67 0.113 0.116 0.68727 0.2316 1.17925 0 
0.5977 -1.2865 -1.5 0.894 -5.156 0.384 -1.075 0.099 0.81661 -1.7035 -1.239875 0 
8.7224 2.636 1.1025 -10.0 6.492 2.004 1.6795 1.196 8.57246 1.8092000000000001 1.92025 1 
0.083125 -3.4485 -1.5 0.345 -1.9386666666666668 0.662 -1.4435 0.0 0.48457 -1.8812 -1.207875 0 
-2.5819 -3.8085 -1.5 1.1400000000000001 -3.7413333333333334 0.616 -1.346 0.156 -2.80494 -1.6508 -1.07875 0 
-2.6319 -2.6334999999999997 -1.5 1.112 -4.053333333333333 0.282 -1.3985 0.032 -1.5582799999999999 -1.7753999999999999 -1.35775 0 
1.2233 1.1325 0.074 0.675 0.232 0.682 0.66 0.318 2.61042 0.011 0.17825 0 
0.40045 -1.6435 0.0435 0.3495 -1.8159999999999998 0.742 -1.2095 0.04 1.97588 -1.24615 0.43775 1 
4.4074 2.636 1.1025 -2.8 2.2053333333333334 1.084 1.2165 0.34 5.86528 1.0815 1.4064999999999999 1 
-1.2312 -1.4945 -1.0305 0.2775 -3.965333333333333 0.556 -1.395 0.046 1.31884 -1.7346 -1.137125 0 
-3.7525 -4.297000000000001 -1.5 1.334 -6.64 0.298 -1.319 0.0 -4.117 -2.5567 -1.545875 0 
5.34395 0.431 -1.5 -3.234 4.214666666666666 2.916 1.4295 0.91 3.9013 1.5615999999999999 1.73275 0 
-4.7059 -4.5135000000000005 -1.5 1.9 -7.706666666666667 0.03 -1.495 0.0 -5.80064 -2.59885 -1.6681249999999999 0 
-4.8596 -4.9745 -1.5 1.9 -8.333333333333332 0.0 -1.5 0.0 -6.57022 -2.79945 -1.8054999999999999 0 
-4.1116 -3.3335 -1.5 1.6 -5.990666666666667 0.278 -1.478 0.0 -3.84806 -2.09245 -1.442625 0 
0.797975 2.615 1.1025 0.4495 -1.2853333333333334 0.81 -1.0475 0.116 1.65134 -1.08445 1.076875 1 
-4.47105 -4.8015 -1.5 1.889 -7.538666666666667 0.03 -1.499 0.0 -5.1388 -2.41275 -1.534875 0 
0.334775 -1.514 -1.37675 0.444 -1.9093333333333333 0.766 1.0725 0.156 0.4626 0.0846 0.59175 0 
-2.0135 0.059 -1.1219999999999999 1.27 -3.4186666666666667 0.522 -1.0745 0.06 -1.03954 -1.3303 0.15775 0 
0.130775 0.481 -1.30175 1.2 -4.141333333333334 0.184 0.042 0.143 1.73332 -1.6069 -1.2255 0 
-4.17865 -4.24 -1.5 1.35 -6.672 0.024 -1.47 0.002 -4.33294 -2.3993 -1.5565 0 
6.45565 2.636 1.1025 -6.3 3.908 1.51 1.4115 1.19 6.13062 1.2387 1.690125 1 
8.3803 2.636 1.1025 -13.0 5.985333333333333 1.104 2.008 1.19 8.63696 2.0795500000000002 2.1094999999999997 1 
-4.6640999999999995 -4.901 -1.5 1.9 -7.717333333333333 0.042 -1.498 0.0 -5.58426 -2.5579 -1.6185 0 
1.02325 0.23 0.1805 0.4345 -1.0853333333333333 1.016 0.67 0.464 1.07992 0.4256 0.93825 0 
1.5644 0.3855 -1.5 -3.0 0.604 1.064 1.0445 0.156 1.36718 0.2702 0.60075 1 
-4.82255 -4.694 -1.5 1.9 -8.306666666666667 0.0 -1.487 0.0 -5.89106 -2.8737 -1.90625 0 
-2.6913 -2.9699999999999998 -1.5 0.0495 -2.961333333333333 0.626 -1.2025000000000001 0.026 -1.72154 -1.6441 -1.025625 0 
0.483 -3.105 -1.5 0.75 -4.129333333333333 0.52 -1.3365 0.052 -2.5816600000000003 -1.97895 -1.2 0 
-2.4147 -3.448 -1.5 0.4995 -6.730666666666667 0.16 -1.463 0.02 -1.55508 -2.2686 -1.44775 1 
-3.78335 -4.779999999999999 -1.5 1.4 -5.58 0.138 -1.494 0.0 -3.88962 -2.23535 -1.451125 0 
-4.01335 -3.809 -1.5 1.65 -6.458666666666667 0.094 -1.43 0.004 -2.77896 -2.4066 -1.6832500000000001 0 
-3.67335 -2.4125 -1.5 1.5 -5.404 0.218 -1.4315 0.0 -3.30914 -2.0309999999999997 -1.332 0 
-4.7545 -4.979 -1.5 1.8399999999999999 -8.138666666666666 0.0 -1.487 0.02 -5.91642 -2.82225 -1.873625 0 
-3.0752 -3.667 -1.5 1.24 -5.118666666666667 0.16 -1.262 0.032 -2.3497399999999997 -1.64485 -1.07225 0 
0.09045 0.7925 1.02775 0.4 -1.896 0.402 -1.3355000000000001 0.052 2.4584799999999998 -1.08645 0.404 0 
-2.63805 -2.4825 -1.2645 1.46 -5.524 0.316 0.321 0.124 -1.6239400000000002 -1.6343 -1.070125 0 
1.05165 -3.0285 -1.5 -1.3 0.2826666666666667 1.168 0.613 0.156 0.82976 -1.1795 1.000875 0 
5.88935 2.636 1.1025 -3.888 1.8386666666666667 1.23 1.3725 0.428 6.29918 1.09765 1.174125 1 
3.64625 2.636 1.1025 -2.0 0.8873333333333333 0.782 1.2475 0.434 4.71566 0.7979 1.18275 1 
0.11235 -1.8359999999999999 -1.5 0.65 -3.6493333333333333 0.542 -1.1400000000000001 0.022 0.19059 -1.34185 0.29275 1 
-3.56195 -3.569 -1.3525 1.6400000000000001 -5.964 0.11 -1.4085 0.014 -2.60374 -2.0003 -1.3367499999999999 0 
-3.47045 -3.2325 -1.44425 1.544 -5.769333333333333 0.074 -1.4385 0.01 -3.04244 -1.8776000000000002 -1.159625 0 
0.18255 0.638 0.547 0.5 -2.2359999999999998 0.76 0.078 0.076 1.21948 -1.0738 0.41775 0 
-4.2254000000000005 -4.734500000000001 -1.5 1.621 -7.414666666666666 0.17 -1.494 0.0 -5.37278 -2.4945500000000003 -1.5811250000000001 0 
-2.08975 1.127 0.154 1.3 -4.462666666666667 0.44 -1.264 0.178 -1.07038 -1.6259000000000001 -1.13125 0 
-3.1027 0.399 -1.0405 1.58 -4.745333333333333 0.43 -1.268 0.108 -3.48572 -1.57715 0.248 0 
3.90295 2.636 1.1025 -3.233 1.6746666666666665 1.298 1.1615 0.77 5.44244 1.0105 1.395 1 
-4.02915 -3.6255 -1.39275 1.812 -6.536 0.114 -1.4655 0.006 -3.35624 -2.28955 -1.50475 0 
-3.2498 -1.052 -1.219 1.62 -5.394666666666667 0.446 -1.264 0.088 -3.17148 -1.7772000000000001 -1.3403749999999999 0 
-2.39415 -3.631 -1.5 1.101 -6.856 0.114 -1.445 0.02 -2.48888 -2.20805 -1.464375 0 
1.2457 2.0709999999999997 0.7715 0.275 -1.0453333333333332 0.898 0.613 0.156 2.7841 0.6273 1.202625 0 
-2.4202500000000002 1.264 0.251 1.3 -4.661333333333333 0.438 -1.2570000000000001 0.072 -2.4064 -1.5453999999999999 0.39575 0 
3.51235 2.636 1.1025 -1.5 0.9766666666666667 1.304 1.3695 0.368 3.74134 1.2836 1.747375 1 
-4.31465 -4.542 -1.5 1.8319999999999999 -7.221333333333333 0.18 -1.4905 0.0 -3.71732 -2.30585 -1.487 0 
-3.8266 -2.449 -1.34425 0.25 -6.306666666666667 0.194 -1.456 0.018 -2.69124 -1.9724 -1.27125 0 
-1.5794000000000001 0.7115 0.4955 0.0 -2.268 0.55 -1.166 0.096 0.09552 -1.4234 0.9925 1 
-3.45225 -3.6735 -1.5 0.1 -6.56 0.176 -1.279 0.002 -2.19104 -2.1826499999999998 -1.492375 0 
0.15625 1.0985 0.3765 0.0555 -1.4426666666666668 0.836 -1.0705 0.0 1.18092 -1.0265 0.342 0 
-2.69695 -3.463 -1.5 1.276 -4.8759999999999994 0.196 -1.42 0.006 -2.92352 -1.76615 -1.026625 0 
-3.7353 -3.3095 -1.5 1.55 -5.8053333333333335 0.218 -1.4745 0.0 -3.75936 -2.24615 -1.29975 0 
-4.05185 -4.2265 -1.5 1.6 -5.145333333333333 0.42 -1.479 0.0 -3.44762 -2.1359500000000002 -1.509875 0 
0.461175 1.236 0.323 0.157 -1.3173333333333335 1.022 0.076 0.156 0.80983 0.1584 0.789 0 
-2.54765 -3.619 -1.5 1.28 -5.436 0.158 -1.4184999999999999 0.0 -1.3834 -1.8484 -1.212875 0 
2.21345 2.577 1.1025 1.0 0.4073333333333333 1.038 0.818 0.164 3.209 -1.00045 1.139 0 
-4.53475 -4.2065 -1.42875 1.895 -7.2973333333333334 0.136 -1.465 0.0 -4.44782 -2.59795 -1.7257500000000001 0 
3.50455 2.4745 1.02175 -2.5 1.696 1.568 0.895 0.152 2.3324 1.20915 1.317625 0 
-4.3317499999999995 -4.7915 -1.5 1.6800000000000002 -7.048 0.042 -1.4535 0.0 -5.05266 -2.44075 -1.6535 0 
-1.1464 -2.0535 -1.33875 1.1 -3.462666666666667 0.614 0.083 0.15 0.16569 -1.55375 -1.1005 0 
0.0067 -1.5225 -1.071 0.1 -1.9773333333333334 0.848 -1.1045 0.026 0.96516 -1.3099 0.48525 0 
1.2244 1.195 0.5705 1.0 0.37333333333333335 0.838 1.202 0.096 1.0227 1.0521 1.237 1 
-4.86355 -4.979 -1.5 1.9 -8.217333333333332 0.012 -1.5 0.0 -6.01288 -2.7506500000000003 -1.825625 0 
-4.8191500000000005 -4.979 -1.5 1.9 -8.101333333333333 0.024 -1.4969999999999999 0.0 -5.80914 -2.69275 -1.7905 0 
-4.47365 -4.4715 -1.5 1.9 -7.5906666666666665 0.076 -1.49 0.022 -5.12318 -2.5039 -1.5711249999999999 0 
-4.73915 -4.9565 -1.5 1.9 -8.193333333333333 0.0 -1.486 0.0 -6.48438 -2.6948499999999997 -1.707625 0 
-3.83615 -4.0805 -1.5 1.65 -5.852 0.23 -1.4515 0.0 -3.38334 -2.2241999999999997 -1.50475 0 
-2.6496500000000003 -3.4585 -1.34425 1.401 -5.064 0.318 -1.3945 0.014 0.7528 -2.06825 -1.456625 0 
0.763075 0.004 0.0555 0.9 0.082 1.024 -1.075 0.144 1.5920999999999998 0.304 1.19375 1 
0.48265 -1.105 -1.13125 0.5 -1.8826666666666667 0.448 -1.248 0.138 1.85772 -1.2993999999999999 0.556 0 
1.74725 2.635 1.1025 0.6 0.518 0.97 0.882 0.164 1.1608 1.23315 1.775 1 
-4.4783 -4.979 -1.5 1.85 -7.332 0.05 -1.4935 0.0 -4.80696 -2.55585 -1.6955 0 
-3.83045 -3.137 -1.5 1.65 -5.930666666666666 0.136 -1.4264999999999999 0.034 -3.75356 -1.96725 -1.379375 0 
5.119 2.5905 1.1025 -3.999 2.4146666666666667 1.272 1.335 0.858 6.14012 1.22285 1.5818750000000001 1 
3.02765 2.636 1.1025 0.6 0.81 0.598 1.379 1.007 1.94214 0.9107 0.679 0 
0.9839 1.6975 0.5585 0.844 -3.152 0.456 0.372 0.25 4.73366 -1.1697 0.68175 0 
-4.497 -4.979 -1.5 1.889 -7.656 0.0 -1.487 0.0 -5.63224 -2.7055 -1.6876250000000002 0 
-4.61985 -4.8774999999999995 -1.5 0.05 -7.306666666666667 0.08 -1.5 0.0 -5.34464 -2.6347 -1.657 0 
-2.3709 -2.6395 -1.5 0.25 -5.558666666666666 0.218 -1.228 0.062 -1.42486 -1.8005499999999999 -1.288375 0 
-1.5481 -2.2845 -1.3085 1.2 -2.784 0.758 -1.4055 0.0 0.2638 -1.57735 -1.195875 0 
7.16195 2.6334999999999997 1.1025 -12.999 6.664 2.178 1.83 1.196 5.17692 2.29515 2.23025 1 
0.530625 0.431 -1.5 -1.6989999999999998 -1.56 0.446 0.244 0.156 1.05888 -1.31625 0.3085 1 
0.48505 1.8784999999999998 0.4875 0.75 0.2826666666666667 0.928 -1.0625 0.032 2.4682 0.3121 1.234125 1 
0.22595 0.0985 0.1395 0.8 -3.664 0.252 0.17 0.126 1.42718 -1.5061 -1.192625 1 
-4.64175 -4.6355 -1.5 1.9 -7.653333333333333 0.054 -1.474 0.014 -5.52226 -2.56525 -1.6755 0 
-4.0996500000000005 -4.427 -1.456 1.8599999999999999 -5.8133333333333335 0.108 -1.462 0.03 -4.117319999999999 -1.9976 -1.264625 0 
-3.9041 -4.5675 -1.5 1.8599999999999999 -6.3693333333333335 0.062 -1.474 0.0 -2.95546 -2.3109 -1.52325 0 
0.2227 -2.941 -1.5 1.0 -1.7253333333333334 0.722 0.331 0.132 -1.12538 -1.0508 1.193 1 
2.10095 1.8715000000000002 0.955 -2.888 1.2746666666666666 1.346 0.48 0.156 2.98164 1.23295 1.3675 1 
4.2027 0.9145 0.2675 -1.8 2.046666666666667 1.106 1.5310000000000001 1.014 3.07636 1.4060000000000001 1.9023750000000001 0 
2.18615 2.4370000000000003 1.018 0.8 1.0946666666666667 0.984 1.144 0.204 2.47576 0.8581 1.300125 0 
-1.61335 -2.294 -1.025 1.001 -3.6733333333333333 0.554 -1.18 0.068 0.13132 -1.4938 -1.1175 0 
-4.81385 -4.979 -1.5 1.9 -8.14 0.0 -1.5 0.0 -6.25378 -2.6797500000000003 -1.6916250000000002 0 
-3.3213 -3.048 -1.5 1.7 -5.530666666666667 0.132 -1.272 0.02 -3.69268 -2.0251 -1.422625 0 
-4.7822 -4.838 -1.5 1.9 -7.994666666666666 0.0 -1.5 0.0 -5.44914 -2.6946000000000003 -1.816125 0 
1.1985999999999999 1.6025 0.5355 0.55 0.6453333333333333 1.024 -1.0745 0.044 1.19368 1.05265 1.214875 0 
-1.6228 -3.7215 -1.5 0.3 -3.994666666666667 0.728 -1.4115 0.0 -2.33746 -1.7137 -1.299375 0 
-3.97055 -2.6675 -1.2445 1.48 -6.52 0.16 -1.426 0.046 -3.9532 -2.1696999999999997 -1.369625 0 
0.0604 -1.6560000000000001 -1.1375 0.4 -2.44 0.582 0.057 0.0 0.50491 -1.4515 -1.062375 1 
-3.8672 -2.8689999999999998 -1.185 1.58 -6.705333333333333 0.286 -1.475 0.03 -4.68416 -2.3636999999999997 -1.647875 0 
-4.7622 -4.979 -1.5 1.9 -8.181333333333333 0.0 -1.487 0.0 -6.41348 -2.74195 -1.7725 0 
-4.795999999999999 -4.9565 -1.5 1.9 -8.136 0.07 -1.5 0.0 -6.17844 -2.73385 -1.857875 0 
-3.3734 -2.956 -1.5 1.612 -4.524 0.532 -1.3905 0.048 -2.9922 -2.02665 -1.24175 0 
1.1857 0.4165 -1.5 -1.299 0.334 0.98 0.249 0.156 1.63132 0.1751 1.172125 1 
6.8411 2.636 1.1025 -7.999 0.6486666666666666 1.184 1.141 0.6 8.71828 1.3664 1.019125 1 
-3.65125 -1.625 -1.29275 1.62 -5.826666666666667 0.144 -1.357 0.052 -3.62536 -2.1239 -1.435125 0 
-4.40475 -4.7585 -1.5 1.74 -7.16 0.106 -1.49 0.0 -5.08426 -2.3526 -1.518875 0 
-3.7515 -4.229 -1.5 1.568 -5.453333333333333 0.386 -1.3825 0.0 -2.76946 -2.2752 -1.6585 0 
0.063225 -1.1865 -1.5 0.4995 -2.793333333333333 0.302 0.263 0.0 -1.1998199999999999 0.1862 0.108 0 
-3.40475 -4.031000000000001 -1.4889999999999999 1.7 -5.6386666666666665 0.28 -1.238 0.156 -3.83628 -2.07705 -1.163 0 
2.68045 1.374 1.043 0.9 0.9786666666666667 1.412 0.959 0.164 2.13808 1.09255 1.381 1 
2.42 2.134 0.7255 -1.5 -1.9773333333333334 0.662 0.306 0.342 5.91038 0.0594 0.56175 1 
-4.32895 -3.428 -1.22125 1.76 -6.552 0.08 -1.48 0.0 -4.68388 -2.31965 -1.361 0 
-1.86475 -4.056 -1.3535 0.0 -3.074666666666667 0.774 -1.353 0.156 -2.10766 -1.47685 0.32 1 
0.435775 -2.253 -1.5 0.6385 -1.588 0.594 0.251 0.078 1.1516 -1.3991500000000001 0.1615 1 
1.8827500000000001 2.1305 1.1025 -1.8 1.7413333333333334 1.1219999999999999 0.239 0.156 1.22782 0.1259 0.653 1 
0.985325 2.636 1.1025 -1.999 -1.1586666666666667 0.71 -1.111 0.156 3.75316 -1.12555 -1.018 1 
-2.90115 -3.2125 -1.5 1.001 -5.105333333333333 0.12 -1.322 0.036 -2.24674 -1.7952 -1.194875 1 
0.1343 -3.5935 -1.14475 0.6 -2.086666666666667 0.858 -1.108 0.156 0.15139 -1.4407 0.29 0 
-3.3991 -3.654 -1.29675 1.3 -4.396 0.312 -1.4809999999999999 0.004 -2.7683400000000002 -2.08545 -1.274875 0 
-1.12015 -2.0305 -1.254 0.4 -2.357333333333333 0.458 0.034 0.07 -1.09844 0.0386 0.69225 0 
0.30415 1.0405 0.347 0.111 -4.121333333333333 0.278 -1.03 0.156 1.51488 -1.1606 0.13425 0 
0.54065 0.6175 0.0055 0.0 0.04733333333333333 0.672 0.489 0.156 0.79588 -1.1542 0.23725 0 
1.0228 1.1825 0.161 0.15 -1.1573333333333333 0.648 -1.003 0.156 6.67274 0.4547 0.32475 0 
0.5869 -1.2015 -1.5 0.9 -1.084 0.714 0.623 0.156 0.22695 0.3967 0.9925 1 
0.676525 -1.98 0.0555 0.25 0.07 0.836 0.052 0.156 2.07132 -1.28865 0.33725 0 
0.245625 -2.835 -1.1315 0.0 -5.193333333333333 0.196 -1.05 0.496 1.82742 -1.4614500000000001 -1.179125 0 
-2.70105 -2.2984999999999998 -1.1135 0.0495 -3.3973333333333335 0.676 -1.252 0.156 -1.9112200000000001 -1.42415 1.00325 0 
-2.5690999999999997 -3.033 0.0215 1.001 -3.506666666666667 0.494 -1.0995 0.03 -1.64316 -1.2229 0.512 0 
-3.60315 -3.313 -1.5 1.6 -4.709333333333333 0.31 -1.4085 0.026 -1.48074 -2.16135 -1.51325 0 
-1.57105 -1.5110000000000001 -1.0465 0.2495 -2.0666666666666664 0.734 -1.085 0.054 0.78565 0.0801 1.19475 0 
-2.8360000000000003 -2.7675 -1.20625 1.112 -4.230666666666666 0.5 -1.393 0.0 -2.16484 -1.81555 -1.091125 1 
0.852725 0.355 -1.09375 1.0 0.11933333333333333 0.886 0.407 0.138 1.2375 0.4541 1.1375 1 
-2.0904499999999997 -3.6175 -1.5 0.1 -3.533333333333333 0.586 -1.209 0.026 -1.62602 -1.37745 0.1795 0 
0.593825 -1.412 -1.5 0.575 -2.7973333333333334 0.504 0.24 0.072 0.56118 -1.19505 0.5535 0 
0.850925 0.879 0.4915 0.25 -1.4826666666666668 0.868 0.091 0.11 1.5021200000000001 0.1435 1.017 0 
-1.3531 -1.7745 -1.5 0.194 -3.7306666666666666 0.69 0.174 0.124 -1.4846599999999999 -1.29175 0.68925 0 
-4.7946 -4.934 -1.5 1.79 -8.118666666666666 0.0 -1.5 0.0 -5.82734 -2.8592 -1.87 0 
-4.38185 -4.9745 -1.5 1.83 -6.956 0.16 -1.463 0.0 -5.26658 -2.5304 -1.54425 0 
-2.4595000000000002 -2.9005 -1.2645 1.112 -5.386666666666667 0.18 -1.4104999999999999 0.03 0.59882 -2.0098000000000003 -1.36975 0 
-4.0716 -4.404 -1.5 1.556 -6.476 0.368 -1.452 0.028 -3.31672 -2.1798 -1.517125 0 
1.2107 1.4155 0.3715 0.45 0.364 0.918 0.72 0.164 2.85222 0.9048 1.209875 0 
-3.3408 -4.098 -1.5 1.612 -7.298666666666667 0.122 -1.4045 0.0 -3.53814 -2.1106499999999997 -1.546375 0 
-4.0819 -4.5305 -1.5 1.8010000000000002 -7.196 0.092 -1.466 0.01 -4.83734 -2.34485 -1.4605000000000001 0 
-2.93505 -3.9435 -1.26975 1.631 -6.012 0.226 -1.448 0.002 -3.10188 -2.2485 -1.41475 0 
-4.1076 -4.890000000000001 -1.5 1.889 -6.946666666666666 0.05 -1.421 0.0 -5.81254 -2.28355 -1.447375 0 
1.4552 2.492 1.08125 -1.188 -2.2053333333333334 0.718 0.038 0.244 3.53496 -1.2259 0.532 1 
-4.0245999999999995 -4.218999999999999 -1.5 1.55 -6.033333333333333 0.156 -1.49 0.0 -3.3377 -2.3628 -1.53675 0 
0.350075 -1.5270000000000001 -1.5 0.625 -1.26 1.052 -1.0855 0.124 0.62748 -1.05045 0.79275 0 
4.4249 2.636 1.1025 -4.5 4.1146666666666665 1.3599999999999999 1.1255 0.366 4.468859999999999 1.28745 1.5671249999999999 1 
-4.27675 -4.805 -1.5 1.8 -7.7026666666666666 0.042 -1.4929999999999999 0.0 -3.63764 -2.43605 -1.595125 0 
4.2509 2.636 1.1025 -6.9 2.4813333333333336 1.148 1.54 0.368 2.48904 1.57455 1.572875 1 
2.8933999999999997 2.636 1.1025 -3.5 1.8719999999999999 1.202 0.684 0.18 3.6589 0.9003 1.30075 1 
3.66655 2.636 1.1025 -1.98 1.7733333333333334 1.362 1.1965 0.27 3.37528 1.2418 1.74125 0 
-2.1629 -2.1715 -1.285 0.0375 -5.350666666666666 0.346 0.176 0.304 -2.9294599999999997 -1.4289 0.1565 0 
3.3539 2.3405 1.03625 -2.567 1.8226666666666667 1.6520000000000001 1.1360000000000001 0.946 3.27086 1.41215 1.744625 1 
3.0836 2.636 1.1025 1.9 -1.1906666666666668 0.822 -1.054 1.035 4.91422 0.6802 1.119875 1 
4.04535 2.636 1.1025 -2.5549999999999997 2.3853333333333335 1.634 1.2875 0.38 2.54278 1.3568500000000001 1.40025 1 
-3.73015 -3.843 -1.5 1.72 -6.173333333333333 0.152 -1.361 0.0 -3.043 -2.2222999999999997 -1.4935 0 
0.78815 1.6800000000000002 0.596 0.05 0.544 1.12 0.343 0.156 1.78966 0.2725 1.015 0 
-3.1372 -3.2165 -1.38775 1.45 -4.669333333333333 0.28 -1.4115 0.03 -2.21942 -2.0608 -1.352125 0 
2.4815 2.04 0.638 -2.8 0.8233333333333334 0.894 0.537 0.156 0.94445 0.6612 1.3363749999999999 1 
-4.40565 -4.979 -1.5 1.85 -7.738666666666667 0.032 -1.474 0.0 -5.11556 -2.5122999999999998 -1.658375 0 
5.2394 2.556 1.1025 -5.588 0.9626666666666667 1.068 1.4925 1.196 4.96954 0.878 1.304 1 
0.61785 0.112 0.584 0.5 -1.496 1.174 0.255 0.0 0.51435 -1.18685 0.7365 0 
8.346599999999999 2.636 1.1025 -13.0 6.773333333333333 1.188 1.5725 1.19 7.22776 1.83025 1.5863749999999999 1 
-2.9166499999999997 -3.264 -1.12375 0.0 -5.8453333333333335 0.174 -1.331 0.004 -1.2227000000000001 -2.0673500000000002 -1.410375 1 
-4.6277 -4.8655 -1.49725 1.75 -7.768 0.05 -1.482 0.0 -5.62684 -2.6214500000000003 -1.637875 0 
-2.388 -2.0380000000000003 -1.1415 1.3 -4.109333333333334 0.342 -1.23 0.02 -2.1369 -1.5902500000000002 -1.228 0 
-3.78105 -3.496 -1.415 1.412 -5.378666666666667 0.336 -1.468 0.014 -2.8334 -2.11695 -1.305875 0 
-4.01265 -3.7665 -1.415 1.8399999999999999 -6.689333333333333 0.048 -1.4505 0.006 -4.47464 -2.1834499999999997 -1.3667500000000001 0 
6.45055 2.636 1.1025 -9.0 5.726666666666667 2.02 1.4025 0.298 5.12824 2.09685 2.090875 1 
2.6889000000000003 2.636 1.1025 -1.288 0.8566666666666667 1.082 0.935 0.156 1.7609599999999999 1.309 1.6256249999999999 1 
-3.6105 -3.8255 -1.5 1.512 -6.657333333333334 0.318 -1.4104999999999999 0.026 -3.51358 -2.11265 -1.3455 0 
-3.12995 -2.983 -1.5 1.3 -4.332 0.524 -1.431 0.002 -1.81746 -1.69185 -1.1645 0 
-4.7229 -4.970000000000001 -1.5 1.889 -7.864 0.072 -1.4945 0.0 -5.57924 -2.6265 -1.7690000000000001 0 
-3.27165 -3.5505 -1.5 1.556 -5.302666666666667 0.166 -1.2345 0.016 -2.85576 -2.3183499999999997 -1.4535 0 
-1.98925 -2.8805 -1.5 1.2 -5.958666666666667 0.376 -1.298 0.0 -3.61938 -1.87725 -1.3645 0 
-1.5095 -4.345000000000001 -1.5 0.45 -3.7973333333333334 0.66 -1.2045 0.18 -1.63324 -2.07835 -1.044875 0 
4.8682 2.636 1.1025 -3.1 0.968 0.814 1.285 0.34 5.9127 1.0122 1.181375 1 
-3.7648 -4.288 -1.5 1.667 -7.177333333333333 0.098 -1.377 0.01 -3.33098 -2.3893500000000003 -1.612125 0 
-4.8403 -4.8985 -1.5 1.9 -8.034666666666666 0.0 -1.49 0.0 -6.36252 -2.68925 -1.7962500000000001 0 
-3.5141 -4.394 -1.5 1.655 -5.294666666666667 0.434 -1.436 0.0 -4.4157399999999996 -2.1071 -1.45275 0 
-1.90945 -1.9355 -1.2595 0.05 -4.938666666666666 0.37 -1.2015 0.042 0.55024 -1.8383 -1.238125 0 
1.86755 1.687 1.1025 0.65 0.702 1.116 0.474 0.156 2.35436 1.2500499999999999 1.518875 1 
0.332 0.2585 -1.5 -1.222 -3.7466666666666666 0.722 0.025 0.074 0.98724 -1.58635 -1.203125 1 
2.2630999999999997 1.116 0.377 0.944 0.952 0.698 0.949 0.346 2.1832599999999998 1.06585 1.4341249999999999 0 
3.48045 2.636 1.1025 -1.567 1.456 1.146 1.2415 0.368 3.55288 1.01125 1.25475 1 
1.9550999999999998 2.636 1.1025 0.75 0.458 0.676 0.318 0.1 2.2649 0.0606 0.76775 0 
