http://tl.cyg.changyou.com/goods/char_detail?serial_num=201708241016381433 星宿 男 119级  宠絻˙ 16.660800000000002 2.636 1.1025 22小时58分钟12秒 -21.456 8.964 234 2.4619999999999997 47 2.895 2.009 11.93048 80633 1.9281000000000001 1.993875 1 
http://tl.cyg.changyou.com/goods/char_detail?serial_num=201708241913356943 逍遥 女 119级  无妨． 26.11745 2.636 1.1025 01天07小时55分钟 -69.9 12.756 143 2.95 49 4.4215 2.642 12.6601 68985 3.06135 3.603 1 
http://tl.cyg.changyou.com/goods/char_detail?serial_num=20170825034131337 天山 男 102级  り．久伴． 10.6906 2.128 0.697 01天13小时15分钟 -30.9 7.776 13 2.4059999999999997 47 2.659 1.286 7.36302 26693 1.87115 2.187125 1 
http://tl.cyg.changyou.com/goods/char_detail?serial_num=20170825832272780 逍遥 男 119级  ﹍夜浅阳ゝ 8.713750000000001 2.636 1.1025 01天21小时13分钟 -14.0 7.218666666666667 60 1.336 47 1.7995 1.244 7.6365 77199 2.27285 2.620125 1 
http://tl.cyg.changyou.com/goods/char_detail?serial_num=201708251738018329 天山 男 88级  瘾。 5.1992 -4.679 -1.5 02天06小时19分钟 -16.0 2.08 127 2.19 46 1.431 0.82 1.10434 28507 0.4749 1.157125 1 
http://tl.cyg.changyou.com/goods/char_detail?serial_num=20170828137240349 丐帮 女 114级  你你你． 5.58175 2.636 1.1025 04天14小时18分钟 -10.998 4.720000000000001 337 1.65 46 1.2595 1.1400000000000001 9.47218 21974 1.47135 1.74425 1 
http://tl.cyg.changyou.com/goods/char_detail?serial_num=201708281835287817 逍遥 女 119级  半杯清茶い 13.8996 2.636 1.1025 05天07小时17分钟 -31.0 10.502666666666666 527 2.346 47 2.1055 1.55 8.9008 77125 2.6302000000000003 3.23975 1 
http://tl.cyg.changyou.com/goods/char_detail?serial_num=20170829906424784 星宿 男 119级  °．清晨ヽ 18.2193 2.636 1.1025 05天21小时48分钟 -42.0 9.548 0 3.094 47 2.7115 1.502 12.74366 79830 1.6467 1.84875 1 
http://tl.cyg.changyou.com/goods/char_detail?serial_num=201708292243074933 星宿 男 119级  守在你身边。 8.3933 2.636 1.1025 06天11小时24分钟 -13.0 6.3293333333333335 87 1.778 48 1.7585 1.055 9.4885 69928 1.4732 1.80925 1 
http://tl.cyg.changyou.com/goods/char_detail?serial_num=201708292305045294 天龙 男 119级  ″惊峸メ无形 22.9514 2.636 1.1025 06天11小时51分钟 -59.0 11.108 69 2.254 48 4.047000000000001 2.642 16.50994 67152 2.5191 2.3741250000000003 1 
http://tl.cyg.changyou.com/goods/char_detail?serial_num=201708292331075672 峨嵋 女 119级  淡憶漣漪．ご 14.76045 2.636 1.1025 06天12小时13分钟 -37.888 4.018666666666666 430 1.6560000000000001 47 2.1395 1.78 13.43146 101699 1.62725 1.558125 1 
http://tl.cyg.changyou.com/goods/char_detail?serial_num=201708231122099740 丐帮 男 109级  竹林烟雨 -4.1538 -4.285 -1.32125 00小时07分钟33秒 1.701 -6.418666666666667 64 0.176 14 -1.486 0.008 -3.85758 19624 -2.35 -1.410125 0 
http://tl.cyg.changyou.com/goods/char_detail?serial_num=201708231154460123 武当 男 105级  い鰰湫、 1.7515 2.4995000000000003 1.05575 00小时39分钟16秒 0.6 0.36133333333333334 8 0.888 46 0.432 0.164 0.95553 39466 0.2176 0.79075 1 
http://tl.cyg.changyou.com/goods/char_detail?serial_num=201708231207570282 丐帮 男 89级  ＂初夏﹎ゞ -3.309 -2.995 -1.5 00小时49分钟55秒 1.25 -4.121333333333333 78 0.396 13 -1.2985 0.0 -1.73476 23648 -2.03055 -1.317 0 
http://tl.cyg.changyou.com/goods/char_detail?serial_num=201708231233450497 慕容 男 110级  ！爸爸！ -1.19815 -3.7095 -1.346 01小时15分钟16秒 0.75 -3.2253333333333334 20 0.634 23 -1.099 0.002 4.60874 38455 -1.6444999999999999 0.21775 0 
http://tl.cyg.changyou.com/goods/char_detail?serial_num=201708231245350603 天山 男 89级  为谁举杯邀雪 -3.25535 -2.651 -1.5 01小时27分钟00秒 1.44 -5.104 33 0.138 7 -1.411 0.004 -2.33574 15634 -1.8827 -1.26525 0 
http://tl.cyg.changyou.com/goods/char_detail?serial_num=201708231358261325 唐门 男 88级  ℡づ水墨痕 -4.7181999999999995 -4.3115000000000006 -1.5 02小时39分钟51秒 1.812 -7.778666666666667 0 0.068 0 -1.498 0.0 -5.50382 14808 -2.65515 -1.774875 0 
http://tl.cyg.changyou.com/goods/char_detail?serial_num=201708231410121492 逍遥 男 109级  丿Sky灬浮生 0.2369 0.624 0.367 02小时51分钟59秒 0.2 -1.156 88 0.734 32 -1.156 0.114 0.45427 40037 -1.08305 1.068875 0 
http://tl.cyg.changyou.com/goods/char_detail?serial_num=201708231422571645 武当 女 102级  ﹣浅浅青櫻。 0.554375 1.138 0.306 03小时04分钟47秒 0.75 0.056666666666666664 44 0.972 31 0.388 0.156 0.87347 35727 -1.0733 0.459 1 
http://tl.cyg.changyou.com/goods/char_detail?serial_num=201708231434391772 天山 男 89级  ╰逆风而行灬 -3.26975 -3.573 -1.5 03小时16分钟49秒 0.0555 -4.284 100 0.562 7 -1.4 0.004 -2.57278 18682 -1.7195 -1.191 0 
http://tl.cyg.changyou.com/goods/char_detail?serial_num=201708231504232058 逍遥 男 102级  ら．长流ゝ 1.8578000000000001 -1.6555 -1.0575 03小时46分钟21秒 0.85 0.504 38 1.084 48 1.1335 0.316 1.60582 43493 0.728 1.429125 1 
http://tl.cyg.changyou.com/goods/char_detail?serial_num=201708231505222064 武当 男 80级  紅塵、 -4.7871500000000005 -4.979 -1.5 03小时46分钟43秒 1.9 -7.704 0 0.0 0 -1.5 0.0 -6.04454 15033 -2.7706 -1.845 0 
http://tl.cyg.changyou.com/goods/char_detail?serial_num=201708231616322753 逍遥 男 88级  一袭旧袍．ˇ -3.52555 -4.0425 -1.5 04小时57分钟52秒 1.3 -4.056 29 0.502 7 -1.414 0.0 -2.6684799999999997 29421 -1.9224 -1.232625 0 
http://tl.cyg.changyou.com/goods/char_detail?serial_num=201708231620352799 峨嵋 女 88级  青帝问錵． -4.51715 -4.07 -1.5 05小时01分钟53秒 1.88 -7.793333333333333 20 0.04 0 -1.499 0.0 -4.93046 29458 -2.6016500000000002 -1.7337500000000001 0 
http://tl.cyg.changyou.com/goods/char_detail?serial_num=201708231639262987 逍遥 女 88级  浅浅瞳眸。 -4.5334 -4.7285 -1.5 05小时20分钟51秒 1.8599999999999999 -7.285333333333333 20 0.068 0 -1.5 0.0 -4.92316 19963 -2.5365 -1.6355 0 
http://tl.cyg.changyou.com/goods/char_detail?serial_num=201708231828104182 天山 男 89级  十年一梦丶 -4.3530999999999995 -4.2855 -1.5 07小时09分钟48秒 1.8 -6.834666666666666 32 0.136 3 -1.472 0.0 -4.42708 13549 -2.30165 -1.5675 0 
http://tl.cyg.changyou.com/goods/char_detail?serial_num=201708231828434189 逍遥 男 119级  星晴こ 4.22455 2.636 1.1025 07小时11分钟11秒 -2.333 1.1866666666666668 46 1.466 48 1.307 0.448 3.3613 49978 1.5664 2.051125 1 
http://tl.cyg.changyou.com/goods/char_detail?serial_num=201708231842224340 峨嵋 男 99级  ﹡．姬殇ら -2.64285 -3.375 -1.3525 07小时23分钟47秒 1.2 -4.384 20 0.69 16 -1.409 0.02 -1.5721 37169 -1.6921 -1.24025 0 
http://tl.cyg.changyou.com/goods/char_detail?serial_num=201708231846094391 峨嵋 女 97级  颜枝枝 -3.4752 -3.278 -1.3525 07小时27分钟39秒 1.499 -6.657333333333334 53 0.134 7 -1.457 0.113 -1.73332 47079 -2.31475 -1.509 0 
http://tl.cyg.changyou.com/goods/char_detail?serial_num=201708231849524442 天龙 男 102级  〆芒果″ -2.2133000000000003 -2.9915000000000003 -1.2389999999999999 07小时31分钟20秒 1.28 -2.825333333333333 30 0.458 21 -1.229 0.004 0.44066 32945 -1.7264 -1.288375 0 
http://tl.cyg.changyou.com/goods/char_detail?serial_num=201708231855224513 武当 男 89级  夜丶未央。 -3.5921 -3.617 -1.5 07小时37分钟23秒 1.55 -5.449333333333334 33 0.402 5 -1.437 0.022 -3.87756 30613 -1.9864000000000002 -1.2485 0 
http://tl.cyg.changyou.com/goods/char_detail?serial_num=201708231920394810 逍遥 男 117级  烟雨沉沦 3.96935 1.237 0.6705 08小时02分钟34秒 -2.5 2.3666666666666667 12 0.73 44 1.3525 0.95 1.6368200000000002 45372 0.6542 1.40975 1 
http://tl.cyg.changyou.com/goods/char_detail?serial_num=201708231932534990 武当 男 102级  配角而已づ -2.4595000000000002 -3.865 -1.392 08小时15分钟28秒 1.45 -4.1386666666666665 24 0.392 18 -1.466 0.0 -1.72626 41409 -1.96915 -1.2702499999999999 0 
http://tl.cyg.changyou.com/goods/char_detail?serial_num=201708231939075070 明教 女 89级  晴丝牵绪乱． 0.943 -3.0035 -1.5 08小时20分钟51秒 -1.5550000000000002 0.07266666666666667 31 0.988 29 0.373 0.156 1.7450999999999999 34123 -1.11905 0.53875 1 
http://tl.cyg.changyou.com/goods/char_detail?serial_num=201708232026345857 天山 男 89级  Ｋisｓ -3.98335 -4.244 -1.5 09小时08分钟41秒 1.5 -5.868 35 0.338 5 -1.467 0.002 -4.36888 20961 -2.11275 -1.417375 0 
http://tl.cyg.changyou.com/goods/char_detail?serial_num=201708232029525903 峨嵋 男 102级  じ☆ve遺莣 -3.37365 -3.7035 -1.3832499999999999 09小时11分钟22秒 1.4 -5.242666666666667 29 0.18 5 -1.4365 0.008 -1.78332 31586 -2.1098 -1.42625 0 
http://tl.cyg.changyou.com/goods/char_detail?serial_num=201708232150337223 逍遥 男 119级  ウs·遗朢 0.48635 1.4485000000000001 0.5035 10小时32分钟13秒 0.25 -1.208 58 0.836 41 0.052 0.156 1.05192 51057 0.4428 1.181875 0 
http://tl.cyg.changyou.com/goods/char_detail?serial_num=201708232206527477 峨嵋 女 89级  ′綉気メ璃珞 -3.9618 -4.228 -1.5 10小时49分钟35秒 1.7 -7.448 40 0.158 5 -1.482 0.0 -3.53316 40187 -2.28695 -1.573 0 
http://tl.cyg.changyou.com/goods/char_detail?serial_num=201708232303398280 天山 男 103级  堕落、灵魂 -3.38405 -4.4585 -1.39375 11小时45分钟09秒 1.679 -6.068 10 0.16 7 -1.333 0.0 -1.92472 26497 -2.07145 -1.333 0 
http://tl.cyg.changyou.com/goods/char_detail?serial_num=201708232306328319 天山 男 89级  奈何风满袖こ -1.33225 -2.157 -1.5 11小时48分钟45秒 0.425 -2.3213333333333335 153 1.028 34 0.233 0.018 -1.59084 22590 -1.1305 0.7595 0 
http://tl.cyg.changyou.com/goods/char_detail?serial_num=201708232337598737 逍遥 女 106级  ぐ缘◆相思ミ -3.05135 1.6635 0.239 12小时19分钟26秒 1.35 -4.426666666666667 305 0.46 12 -1.2645 0.13 -2.86648 39660 -1.33685 0.22575 0 
http://tl.cyg.changyou.com/goods/char_detail?serial_num=201708232347188857 峨嵋 女 105级  〆﹏云哚﹏ 0.76595 1.113 0.7045 12小时29分钟12秒 0.425 -3.3533333333333335 24 0.366 31 0.153 0.138 2.90578 64617 -1.3486500000000001 -1.19725 1 
http://tl.cyg.changyou.com/goods/char_detail?serial_num=201708232356378975 丐帮 男 86级  情场霸主丶 -4.7677499999999995 -4.9145 -1.5 12小时38分钟15秒 1.7 -7.5986666666666665 10 0.02 0 -1.5 0.0 -6.14616 8374 -2.6673 -1.6441249999999998 0 
http://tl.cyg.changyou.com/goods/char_detail?serial_num=20170824053579535 峨嵋 女 111级  溺水的鱼． -1.11775 -1.4685000000000001 -1.02875 13小时35分钟38秒 1.201 -6.38 65 0.096 21 0.034 0.016 1.6468 60006 -1.46655 -1.2726250000000001 0 
http://tl.cyg.changyou.com/goods/char_detail?serial_num=20170824202399824 峨嵋 女 119级  追逐我的明天 4.77755 2.636 1.1025 14小时46分钟14秒 -3.3 0.08 51 0.916 43 1.5525 1.208 7.19564 79093 0.7847 0.73075 1 
http://tl.cyg.changyou.com/goods/char_detail?serial_num=20170824951351139 少林 女 88级  ﹎指尖淚阑珊 -4.88355 -4.979 -1.5 22小时32分钟58秒 1.9 -8.308 0 0.0 0 -1.5 0.0 -6.2023 4884 -2.9088000000000003 -1.92775 0 
http://tl.cyg.changyou.com/goods/char_detail?serial_num=201708241008291359 逍遥 男 102级  Amor、小颜° 2.4074999999999998 2.593 1.1025 22小时51分钟00秒 0.4995 0.686 46 0.956 30 0.478 0.16 1.39426 39822 0.8744 1.6248749999999998 0 
http://tl.cyg.changyou.com/goods/char_detail?serial_num=201708241121042095 天山 男 109级  ′夜无殇﹑ 2.37645 2.0665 1.1025 01天00小时03分钟 -1.501 1.0093333333333334 613 1.37 47 0.912 0.272 2.13096 34829 1.2669000000000001 1.409 1 
http://tl.cyg.changyou.com/goods/char_detail?serial_num=201708241146062370 武当 男 92级  ﹏半世情心° 0.813975 1.258 0.0575 01天00小时27分钟 0.333 -2.268 18 0.882 31 -1.0885 0.156 0.69572 47353 -1.26095 -1.14025 0 
http://tl.cyg.changyou.com/goods/char_detail?serial_num=201708241203562541 天山 男 89级  十里东莞 3.10705 0.0625 -1.5 01天00小时45分钟 -4.0 2.2573333333333334 47 1.782 48 1.241 0.156 1.37474 33415 1.0946 1.318625 1 
http://tl.cyg.changyou.com/goods/char_detail?serial_num=201708241240322974 慕容 男 89级  安于心． -2.26125 -2.9074999999999998 -1.5 01天01小时22分钟 0.1 -3.7586666666666666 82 0.636 22 -1.1535 0.116 -2.42326 15834 -1.69605 0.30975 0 
http://tl.cyg.changyou.com/goods/char_detail?serial_num=201708241234342890 武当 男 88级  清风碎竹影丶 -3.0324 -3.1025 -1.5 01天01小时22分钟 1.5 -4.848 0 0.24 10 -1.4405000000000001 0.006 -2.73262 34269 -2.2439 -1.4635 0 
http://tl.cyg.changyou.com/goods/char_detail?serial_num=201708241253383150 逍遥 男 92级  长亭旧雪 1.48795 1.7585 1.06 01天01小时35分钟 0.6 -4.217333333333333 30 0.442 45 -1.1405 0.052 -1.94402 29258 -1.4474 0.54775 0 
http://tl.cyg.changyou.com/goods/char_detail?serial_num=201708241300393231 逍遥 男 89级  ＂．武ゝ． -4.83075 -4.979 -1.5 01天01小时41分钟 1.9 -8.18 5 0.0 0 -1.5 0.0 -6.5471 11014 -2.8615 -1.835 0 
http://tl.cyg.changyou.com/goods/char_detail?serial_num=201708241336173572 峨嵋 男 88级  伱有病啊． -2.5449 -3.1385 -1.5 01天02小时21分钟 1.25 -4.928 10 0.424 7 0.025 0.156 -3.01964 56597 -1.55395 -1.264625 0 
http://tl.cyg.changyou.com/goods/char_detail?serial_num=201708241436054172 峨嵋 女 92级  冇点甜 1.2134 1.017 0.6275 01天03小时17分钟 -1.65 -4.964 127 0.414 46 -1.41 0.381 0.05746 41449 -1.867 -1.273125 1 
http://tl.cyg.changyou.com/goods/char_detail?serial_num=201708241439074203 峨嵋 女 82级  桑葚． -4.67595 -4.786 -1.5 01天03小时21分钟 1.85 -8.162666666666667 37 0.0 0 -1.5 0.0 -5.45712 15275 -2.7636000000000003 -1.80125 0 
http://tl.cyg.changyou.com/goods/char_detail?serial_num=201708241558264963 慕容 女 102级  ﹎°沫小兮ゝ -3.8223 -4.223 -1.4575 01天04小时40分钟 1.8 -6.941333333333334 26 0.198 5 -1.4809999999999999 0.0 -2.84166 18930 -2.3952999999999998 -1.43825 0 
http://tl.cyg.changyou.com/goods/char_detail?serial_num=201708241605085027 逍遥 男 88级  唐伯虎˙ 2.2765500000000003 -3.716 -1.5 01天04小时46分钟 -4.02 1.62 137 1.354 46 1.123 0.164 0.65555 39606 0.6002 1.546125 0 
http://tl.cyg.changyou.com/goods/char_detail?serial_num=201708241613345120 天山 男 87级  ら秋狸⌒ -4.1952 -4.8655 -1.5 01天04小时55分钟 1.675 -5.7026666666666666 28 0.418 9 -1.4729999999999999 0.0 -4.49768 10732 -2.3186999999999998 -1.443125 0 
http://tl.cyg.changyou.com/goods/char_detail?serial_num=201708241613565125 慕容 男 88级  君子好逑． -4.4882 -4.962 -1.5 01天04小时56分钟 1.846 -7.525333333333333 0 0.074 2 -1.498 0.0 -5.3658 19836 -2.45485 -1.440125 0 
http://tl.cyg.changyou.com/goods/char_detail?serial_num=201708241731595876 逍遥 男 109级  ＂魅惑ヅ柒逺 -3.3102 -1.108 0.1805 01天06小时13分钟 1.8 -4.865333333333334 19 0.246 13 -1.4689999999999999 0.0 -2.0153 34439 -2.0704000000000002 -1.178625 0 
http://tl.cyg.changyou.com/goods/char_detail?serial_num=201708241749446034 天山 男 89级  千寻与梦． 1.87225 0.431 -1.5 01天06小时31分钟 -2.3 0.6893333333333334 66 1.102 44 1.4064999999999999 0.06 1.7752599999999998 21659 1.0203 0.969 1 
http://tl.cyg.changyou.com/goods/char_detail?serial_num=201708241803506156 天山 女 89级  伱好阿． 6.74835 0.4085 -1.5 01天06小时45分钟 -18.9 5.412 12 2.27 49 1.7845 0.632 4.485799999999999 39421 1.93835 1.8639999999999999 1 
http://tl.cyg.changyou.com/goods/char_detail?serial_num=201708241804446165 天山 男 89级  ′﹎木木ゞ -1.8606500000000001 -1.4625 -1.5 01天06小时46分钟 0.15 -3.6013333333333333 146 0.532 17 -1.199 0.032 -1.50324 17416 -1.5766499999999999 0.2935 0 
http://tl.cyg.changyou.com/goods/char_detail?serial_num=201708241842196551 峨嵋 女 89级  命系娃娃 -4.42755 -4.724 -1.5 01天07小时24分钟 1.8199999999999998 -7.817333333333333 20 0.046 2 -1.495 0.0 -4.689220000000001 32302 -2.52495 -1.7235 0 
http://tl.cyg.changyou.com/goods/char_detail?serial_num=201708241905046832 天山 女 114级  GluTtoNy 1.9398499999999999 1.2225 0.6165 01天07小时46分钟 -1.5 1.0813333333333333 0 1.3820000000000001 46 0.844 0.094 2.2209000000000003 18034 1.1692 1.448375 1 
http://tl.cyg.changyou.com/goods/char_detail?serial_num=201708241930307164 天山 男 88级  〆灬刹那ゞ -2.8691500000000003 -3.334 -1.5 01天08小时11分钟 1.15 -4.0906666666666665 108 0.67 21 -1.3475 0.0 -2.30688 11930 -1.7883499999999999 -1.005 0 
http://tl.cyg.changyou.com/goods/char_detail?serial_num=201708241935027229 峨嵋 女 102级  红豆生南国。 -3.8441 -3.9195 -1.4575 01天08小时16分钟 1.501 -7.282666666666667 20 0.046 5 -1.4929999999999999 0.046 -1.6573600000000002 36450 -2.3173500000000002 -1.5685 0 
http://tl.cyg.changyou.com/goods/char_detail?serial_num=201708241936087241 武当 男 117级  且停且徐行 5.18035 2.636 1.1025 01天08小时18分钟 -2.333 2.6559999999999997 175 0.738 46 1.2995 0.316 3.064 59009 1.4667 1.284125 1 
http://tl.cyg.changyou.com/goods/char_detail?serial_num=201708241945207394 鬼谷 女 89级  蝶儿飞 -4.83215 -4.979 -1.5 01天08小时27分钟 1.9 -7.836 15 0.02 0 -1.5 0.0 -5.84496 14409 -2.7596 -1.7898749999999999 0 
http://tl.cyg.changyou.com/goods/char_detail?serial_num=201708242033567986 逍遥 男 89级  ﹏℡青楼．ら -4.3183 -4.648 -1.5 01天09小时16分钟 1.712 -7.062666666666667 13 0.098 2 -1.346 0.0 -4.43196 18735 -2.2751 -1.5902500000000002 0 
http://tl.cyg.changyou.com/goods/char_detail?serial_num=201708242052288287 天山 男 119级  浮生嗼冋渞ゝ 2.0410500000000003 0.9545 0.1445 01天09小时34分钟 -1.2 0.5846666666666667 0 1.17 42 0.447 0.156 1.8936 31553 1.09565 1.3525 1 
http://tl.cyg.changyou.com/goods/char_detail?serial_num=201708242106058453 峨嵋 女 88级  婳兮．″ 0.6453 -2.8965 -1.5 01天09小时47分钟 0.95 -5.206666666666667 0 0.454 45 -1.097 0.321 0.77434 48108 -1.78375 0.08975 1 
http://tl.cyg.changyou.com/goods/char_detail?serial_num=201708242128558769 天山 男 89级  ′若愚ゝ -1.9985 -2.466 -1.5 01天10小时10分钟 0.1495 -4.209333333333333 30 0.56 13 -1.105 0.046 -1.7762799999999999 20700 -1.59175 -1.099125 0 
http://tl.cyg.changyou.com/goods/char_detail?serial_num=201708242149039062 天龙 男 102级  ツCary╮膤碧 -3.15815 -3.2485 -1.25925 01天10小时32分钟 1.462 -4.684 9 0.44 7 -1.447 0.038 -1.01554 27957 -1.8525 -1.382125 0 
http://tl.cyg.changyou.com/goods/char_detail?serial_num=201708242212279418 天山 男 89级  ╰ゝ伊堇≈ 0.621175 -1.0995 -1.5 01天10小时54分钟 0.75 0.084 160 0.918 47 -1.0435 0.044 0.5476 33728 -1.0654 0.74025 1 
http://tl.cyg.changyou.com/goods/char_detail?serial_num=201708242227159680 逍遥 男 105级  ﹏Me·失憶ゞ 0.37755 0.719 0.17 01天11小时08分钟 1.001 -1.236 56 0.916 31 -1.0455 0.104 0.54853 51768 -1.02505 1.115375 1 
http://tl.cyg.changyou.com/goods/char_detail?serial_num=201708242315590396 逍遥 男 119级  ぃ．辞岑ゝ 2.7839 2.636 1.1025 01天11小时57分钟 -2.0 1.8199999999999998 0 1.194 46 0.455 0.028 2.5294 48409 1.2875 1.6801249999999999 1 
http://tl.cyg.changyou.com/goods/char_detail?serial_num=201708242322210490 逍遥 男 89级  ＂．玛蚁ゝ 2.01255 0.431 -1.5 01天12小时05分钟 -1.2 0.3313333333333333 50 0.914 48 1.366 0.364 0.96574 30280 1.1606 1.576625 1 
http://tl.cyg.changyou.com/goods/char_detail?serial_num=20170825009511084 明教 男 101级  OnlyゝY -4.14925 -3.1 -1.219 01天12小时51分钟 1.8 -5.781333333333333 20 0.232 3 -1.4615 0.0 -3.0519 17031 -1.8949500000000001 -1.3948749999999999 0 
http://tl.cyg.changyou.com/goods/char_detail?serial_num=20170825009551086 逍遥 男 89级  ParTing丶憶 -3.37675 -3.9655 -1.5 01天12小时52分钟 1.45 -4.746666666666666 30 0.308 14 -1.3335 0.01 -2.8202 29671 -2.0805 -1.270875 0 
http://tl.cyg.changyou.com/goods/char_detail?serial_num=20170825050411479 唐门 男 89级  唐楼。 -1.6642000000000001 -2.9455 -1.5 01天13小时32分钟 0.3 -2.548 30 0.852 29 -1.3455 0.156 -1.49868 26667 -1.4704 0.12425 0 
http://tl.cyg.changyou.com/goods/char_detail?serial_num=20170825053511508 逍遥 男 108级  ⒉o10〃噬魂 0.100175 1.546 0.874 01天13小时35分钟 0.05 -1.896 0 0.67 30 0.113 0.116 0.68727 44719 0.2316 1.17925 0 
http://tl.cyg.changyou.com/goods/char_detail?serial_num=20170825716372435 峨嵋 女 89级  表弟媳妇．° 0.5977 -1.2865 -1.5 01天19小时58分钟 0.894 -5.156 215 0.384 45 -1.075 0.099 0.81661 48038 -1.7035 -1.239875 0 
http://tl.cyg.changyou.com/goods/char_detail?serial_num=20170825723332453 明教 男 119级  念旧．り 8.7224 2.636 1.1025 01天20小时05分钟 -10.0 6.492 99 2.004 48 1.6795 1.196 8.57246 41309 1.8092000000000001 1.92025 1 
http://tl.cyg.changyou.com/goods/char_detail?serial_num=20170825741112532 鬼谷 女 89级  碧鸢 0.083125 -3.4485 -1.5 01天20小时23分钟 0.345 -1.9386666666666668 24 0.662 47 -1.4435 0.0 0.48457 30278 -1.8812 -1.207875 0 
http://tl.cyg.changyou.com/goods/char_detail?serial_num=20170825807172626 天山 男 89级  离歌起． -2.5819 -3.8085 -1.5 01天20小时49分钟 1.1400000000000001 -3.7413333333333334 38 0.616 20 -1.346 0.156 -2.80494 29611 -1.6508 -1.07875 0 
http://tl.cyg.changyou.com/goods/char_detail?serial_num=20170825815242674 武当 女 89级  メ蝶依＿ -2.6319 -2.6334999999999997 -1.5 01天20小时57分钟 1.112 -4.053333333333333 30 0.282 21 -1.3985 0.032 -1.5582799999999999 27416 -1.7753999999999999 -1.35775 0 
http://tl.cyg.changyou.com/goods/char_detail?serial_num=20170825836562809 峨嵋 男 105级  じ天崕つ 1.2233 1.1325 0.074 01天21小时18分钟 0.595 0.232 419 0.682 33 0.66 0.318 2.61042 53960 0.011 0.17825 0 
http://tl.cyg.changyou.com/goods/char_detail?serial_num=20170825927223195 天龙 男 108级  小鸡有点Mづ 0.40045 -1.6435 0.0435 01天22小时09分钟 0.3495 -1.8159999999999998 43 0.742 31 -1.2095 0.04 1.97588 28172 -1.24615 0.43775 1 
http://tl.cyg.changyou.com/goods/char_detail?serial_num=20170825942063307 丐帮 女 110级  豿不理． 4.4074 2.636 1.1025 01天22小时23分钟 -2.8 2.2053333333333334 83 1.084 48 1.2165 0.34 5.86528 34445 1.0815 1.4064999999999999 1 
http://tl.cyg.changyou.com/goods/char_detail?serial_num=20170825944283329 峨嵋 女 112级  ′简君已．ら -1.2312 -1.4945 -1.0305 01天22小时26分钟 0.2775 -3.965333333333333 59 0.556 30 -1.395 0.046 1.31884 48316 -1.7346 -1.137125 0 
http://tl.cyg.changyou.com/goods/char_detail?serial_num=201708251034093748 慕容 女 86级  喲． -3.7525 -4.297000000000001 -1.5 01天23小时16分钟 1.334 -6.64 0 0.298 0 -1.319 0.0 -4.117 12726 -2.5567 -1.545875 0 
http://tl.cyg.changyou.com/goods/char_detail?serial_num=201708251039413804 天山 男 89级  ¨情是眼中泪 5.34395 0.431 -1.5 01天23小时22分钟 -3.234 4.214666666666666 172 2.916 47 1.4295 0.91 3.9013 41091 1.5615999999999999 1.73275 0 
http://tl.cyg.changyou.com/goods/char_detail?serial_num=201708251118434251 逍遥 男 89级  长恨丶 -4.7059 -4.5135000000000005 -1.5 02天00小时00分钟 1.9 -7.706666666666667 32 0.03 0 -1.495 0.0 -5.80064 24722 -2.59885 -1.6681249999999999 0 
http://tl.cyg.changyou.com/goods/char_detail?serial_num=201708251127484387 天山 女 87级  ヾ落花无情丶 -4.8596 -4.9745 -1.5 02天00小时09分钟 1.9 -8.333333333333332 0 0.0 0 -1.5 0.0 -6.57022 5269 -2.79945 -1.8054999999999999 0 
http://tl.cyg.changyou.com/goods/char_detail?serial_num=201708251137394501 唐门 男 89级  ←↖↑↗→ -4.1116 -3.3335 -1.5 02天00小时19分钟 1.6 -5.990666666666667 42 0.278 3 -1.478 0.0 -3.84806 17413 -2.09245 -1.442625 0 
http://tl.cyg.changyou.com/goods/char_detail?serial_num=201708251201024754 逍遥 男 114级  ╰风继续吹ゞ 0.797975 2.615 1.1025 02天00小时42分钟 0.4495 -1.2853333333333334 517 0.81 44 -1.0475 0.116 1.65134 41577 -1.08445 1.076875 1 
http://tl.cyg.changyou.com/goods/char_detail?serial_num=201708251232175059 天山 女 88级  0莫￥艳0 -4.47105 -4.8015 -1.5 02天01小时13分钟 1.889 -7.538666666666667 19 0.03 2 -1.499 0.0 -5.1388 14371 -2.41275 -1.534875 0 
http://tl.cyg.changyou.com/goods/char_detail?serial_num=201708251241235149 天山 男 92级  ﹡．夜聽風ゝ 0.334775 -1.514 -1.37675 02天01小时23分钟 0.444 -1.9093333333333333 148 0.766 38 1.0725 0.156 0.4626 15131 0.0846 0.59175 0 
http://tl.cyg.changyou.com/goods/char_detail?serial_num=201708251430446275 天山 男 97级  人间惆怅客 -2.0135 0.059 -1.1219999999999999 02天03小时12分钟 1.27 -3.4186666666666667 54 0.522 23 -1.0745 0.06 -1.03954 30070 -1.3303 0.15775 0 
http://tl.cyg.changyou.com/goods/char_detail?serial_num=201708251516576848 峨嵋 女 102级  秀丽丝 0.130775 0.481 -1.30175 02天03小时59分钟 1.2 -4.141333333333334 77 0.184 17 0.042 0.143 1.73332 53768 -1.6069 -1.2255 0 
http://tl.cyg.changyou.com/goods/char_detail?serial_num=201708251539537129 唐门 女 88级  怪兽别跑． -4.17865 -4.24 -1.5 02天04小时21分钟 1.35 -6.672 30 0.024 5 -1.47 0.002 -4.33294 28957 -2.3993 -1.5565 0 
http://tl.cyg.changyou.com/goods/char_detail?serial_num=201708251557317294 逍遥 男 115级  秋枫落木 6.45565 2.636 1.1025 02天04小时39分钟 -6.3 3.908 11 1.51 47 1.4115 1.19 6.13062 57885 1.2387 1.690125 1 
http://tl.cyg.changyou.com/goods/char_detail?serial_num=201708251614327484 逍遥 男 119级  柠乐． 8.3803 2.636 1.1025 02天04小时55分钟 -13.0 5.985333333333333 30 1.104 49 2.008 1.19 8.63696 62056 2.0795500000000002 2.1094999999999997 1 
http://tl.cyg.changyou.com/goods/char_detail?serial_num=201708251619537541 天山 男 89级  罪舆罚 -4.6640999999999995 -4.901 -1.5 02天05小时01分钟 1.9 -7.717333333333333 10 0.042 0 -1.498 0.0 -5.58426 13799 -2.5579 -1.6185 0 
http://tl.cyg.changyou.com/goods/char_detail?serial_num=201708251619467538 武当 男 106级  云易岚 1.02325 0.23 0.1805 02天05小时01分钟 0.2995 -1.0853333333333333 8 1.016 24 0.67 0.464 1.07992 46837 0.4256 0.93825 0 
http://tl.cyg.changyou.com/goods/char_detail?serial_num=201708251620517550 武当 男 89级  Aormべ瑾年° 1.5644 0.3855 -1.5 02天05小时02分钟 -3.0 0.604 30 1.064 47 1.0445 0.156 1.36718 38263 0.2702 0.60075 1 
http://tl.cyg.changyou.com/goods/char_detail?serial_num=201708251637337752 少林 男 82级  ぺ、劣徒° -4.82255 -4.694 -1.5 02天05小时19分钟 1.9 -8.306666666666667 12 0.0 0 -1.487 0.0 -5.89106 6349 -2.8737 -1.90625 0 
http://tl.cyg.changyou.com/goods/char_detail?serial_num=201708251749098484 天山 女 88级  ﹏葉染ˊ． -2.6913 -2.9699999999999998 -1.5 02天06小时31分钟 0.0495 -2.961333333333333 38 0.626 20 -1.2025000000000001 0.026 -1.72154 23504 -1.6441 -1.025625 0 
http://tl.cyg.changyou.com/goods/char_detail?serial_num=201708251759028608 天山 男 88级  故事的小黄花 0.483 -3.105 -1.5 02天06小时40分钟 0.75 -4.129333333333333 31 0.52 45 -1.3365 0.052 -2.5816600000000003 9912 -1.97895 -1.2 0 
http://tl.cyg.changyou.com/goods/char_detail?serial_num=201708251807468713 峨嵋 女 89级  ペ蜜茶 -2.4147 -3.448 -1.5 02天06小时49分钟 0.4995 -6.730666666666667 20 0.16 13 -1.463 0.02 -1.55508 44990 -2.2686 -1.44775 1 
http://tl.cyg.changyou.com/goods/char_detail?serial_num=201708251810198739 唐门 男 89级  秋风バ -3.78335 -4.779999999999999 -1.5 02天06小时51分钟 1.4 -5.58 21 0.138 0 -1.494 0.0 -3.88962 23513 -2.23535 -1.451125 0 
http://tl.cyg.changyou.com/goods/char_detail?serial_num=201708251848519173 少林 女 89级  狐媚ゞ娘 -4.01335 -3.809 -1.5 02天07小时30分钟 1.65 -6.458666666666667 19 0.094 3 -1.43 0.004 -2.77896 20887 -2.4066 -1.6832500000000001 0 
http://tl.cyg.changyou.com/goods/char_detail?serial_num=201708251850289196 逍遥 男 89级  下站℡崘回嗣 -3.67335 -2.4125 -1.5 02天07小时32分钟 1.5 -5.404 24 0.218 7 -1.4315 0.0 -3.30914 35344 -2.0309999999999997 -1.332 0 
http://tl.cyg.changyou.com/goods/char_detail?serial_num=201708251853459233 峨嵋 女 83级  ˙南初微 -4.7545 -4.979 -1.5 02天07小时35分钟 1.8399999999999999 -8.138666666666666 0 0.0 0 -1.487 0.02 -5.91642 16107 -2.82225 -1.873625 0 
http://tl.cyg.changyou.com/goods/char_detail?serial_num=201708251909069448 唐门 男 89级  ぃ阿秋ッ、 -3.0752 -3.667 -1.5 02天07小时50分钟 1.24 -5.118666666666667 137 0.16 7 -1.262 0.032 -2.3497399999999997 32074 -1.64485 -1.07225 0 
http://tl.cyg.changyou.com/goods/char_detail?serial_num=201708251909399455 天龙 男 113级  じAomrご呆呆 0.09045 0.7925 1.02775 02天07小时51分钟 0.4 -1.896 44 0.402 31 -1.3355000000000001 0.052 2.4584799999999998 40591 -1.08645 0.404 0 
http://tl.cyg.changyou.com/goods/char_detail?serial_num=201708251933109711 天山 男 99级  ╲ヽ紫、轩ゞ -2.63805 -2.4825 -1.2645 02天08小时15分钟 1.46 -5.524 78 0.316 17 0.321 0.124 -1.6239400000000002 21452 -1.6343 -1.070125 0 
http://tl.cyg.changyou.com/goods/char_detail?serial_num=201708251958030010 逍遥 男 88级  ′浅瞳ゝ 1.05165 -3.0285 -1.5 02天08小时39分钟 -1.3 0.2826666666666667 38 1.168 47 0.613 0.156 0.82976 27156 -1.1795 1.000875 0 
http://tl.cyg.changyou.com/goods/char_detail?serial_num=201708252014510240 明教 男 108级  玉不珏． 5.88935 2.636 1.1025 02天08小时56分钟 -3.888 1.8386666666666667 165 1.23 47 1.3725 0.428 6.29918 37853 1.09765 1.174125 1 
http://tl.cyg.changyou.com/goods/char_detail?serial_num=201708252034400537 天龙 男 113级  こ凉笙微暖い 3.64625 2.636 1.1025 02天09小时16分钟 -2.0 0.8873333333333333 8 0.782 48 1.2475 0.434 4.71566 28000 0.7979 1.18275 1 
http://tl.cyg.changyou.com/goods/char_detail?serial_num=201708252041110655 天山 男 89级  冒失鬼． 0.11235 -1.8359999999999999 -1.5 02天09小时22分钟 0.65 -3.6493333333333333 69 0.542 17 -1.1400000000000001 0.022 0.19059 30014 -1.34185 0.29275 1 
http://tl.cyg.changyou.com/goods/char_detail?serial_num=201708252106571103 天山 男 102级  （华英雄） -3.56195 -3.569 -1.3525 02天09小时48分钟 1.6400000000000001 -5.964 44 0.11 5 -1.4085 0.014 -2.60374 24904 -2.0003 -1.3367499999999999 0 
http://tl.cyg.changyou.com/goods/char_detail?serial_num=201708252118111301 逍遥 男 92级  ◇﹎尐の潴猪 -3.47045 -3.2325 -1.44425 02天09小时59分钟 1.544 -5.769333333333333 20 0.074 5 -1.4385 0.01 -3.04244 26459 -1.8776000000000002 -1.159625 0 
http://tl.cyg.changyou.com/goods/char_detail?serial_num=201708252129271482 天龙 男 119级  ぃ．情话ゝゅ 0.18255 0.638 0.547 02天10小时11分钟 0.5 -2.2359999999999998 8 0.76 33 0.078 0.076 1.21948 32054 -1.0738 0.41775 0 
http://tl.cyg.changyou.com/goods/char_detail?serial_num=201708252128451478 唐门 男 88级  MiSS说说 -4.2254000000000005 -4.734500000000001 -1.5 02天10小时11分钟 1.621 -7.414666666666666 5 0.17 0 -1.494 0.0 -5.37278 24695 -2.4945500000000003 -1.5811250000000001 0 
http://tl.cyg.changyou.com/goods/char_detail?serial_num=201708252143191752 峨嵋 男 106级  メ轻漠ヾ -2.08975 1.127 0.154 02天10小时24分钟 1.3 -4.462666666666667 235 0.44 25 -1.264 0.178 -1.07038 39876 -1.6259000000000001 -1.13125 0 
http://tl.cyg.changyou.com/goods/char_detail?serial_num=201708252150151895 逍遥 男 105级  ら莼、汐沫ミ -3.1027 0.399 -1.0405 02天10小时31分钟 1.58 -4.745333333333333 15 0.43 7 -1.268 0.108 -3.48572 41668 -1.57715 0.248 0 
http://tl.cyg.changyou.com/goods/char_detail?serial_num=201708252201442118 丐帮 女 102级  蛮横善变． 3.90295 2.636 1.1025 02天10小时43分钟 -3.233 1.6746666666666665 52 1.298 47 1.1615 0.77 5.44244 22642 1.0105 1.395 1 
http://tl.cyg.changyou.com/goods/char_detail?serial_num=201708252202312140 星宿 男 99级  至尊ゞ衍 -4.02915 -3.6255 -1.39275 02天10小时43分钟 1.812 -6.536 51 0.114 5 -1.4655 0.006 -3.35624 27740 -2.28955 -1.50475 0 
http://tl.cyg.changyou.com/goods/char_detail?serial_num=201708252220202439 武当 男 102级  残♀月 -3.2498 -1.052 -1.219 02天11小时01分钟 1.62 -5.394666666666667 24 0.446 8 -1.264 0.088 -3.17148 28579 -1.7772000000000001 -1.3403749999999999 0 
http://tl.cyg.changyou.com/goods/char_detail?serial_num=201708252226192551 峨嵋 女 89级  卿九九ゝ -2.39415 -3.631 -1.5 02天11小时08分钟 1.101 -6.856 30 0.114 13 -1.445 0.02 -2.48888 30732 -2.20805 -1.464375 0 
http://tl.cyg.changyou.com/goods/char_detail?serial_num=201708252242072780 明教 男 104级  只恨太匆匆ゝ 1.2457 2.0709999999999997 0.7715 02天11小时23分钟 0.275 -1.0453333333333332 0 0.898 35 0.613 0.156 2.7841 34472 0.6273 1.202625 0 
http://tl.cyg.changyou.com/goods/char_detail?serial_num=201708252250592917 逍遥 男 105级  ＂overlordゝ -2.4202500000000002 1.264 0.251 02天11小时32分钟 1.3 -4.661333333333333 9 0.438 5 -1.2570000000000001 0.072 -2.4064 33681 -1.5453999999999999 0.39575 0 
http://tl.cyg.changyou.com/goods/char_detail?serial_num=201708252252072933 逍遥 男 117级  〆、苏瑾漠ゝ 3.51235 2.636 1.1025 02天11小时34分钟 -1.5 0.9766666666666667 67 1.304 47 1.3695 0.368 3.74134 55745 1.2836 1.747375 1 
http://tl.cyg.changyou.com/goods/char_detail?serial_num=201708252305243135 天龙 男 89级  沧烟水榭。 -4.31465 -4.542 -1.5 02天11小时46分钟 1.8319999999999999 -7.221333333333333 7 0.18 2 -1.4905 0.0 -3.71732 21727 -2.30585 -1.487 0 
http://tl.cyg.changyou.com/goods/char_detail?serial_num=201708252341033626 天山 男 98级  小熊 -3.8266 -2.449 -1.34425 02天12小时23分钟 0.25 -6.306666666666667 47 0.194 3 -1.456 0.018 -2.69124 14823 -1.9724 -1.27125 0 
http://tl.cyg.changyou.com/goods/char_detail?serial_num=20170826016364049 逍遥 男 110级  ﹍南风° -1.5794000000000001 0.7115 0.4955 02天12小时58分钟 0.0 -2.268 20 0.55 24 -1.166 0.096 0.09552 41008 -1.4234 0.9925 1 
http://tl.cyg.changyou.com/goods/char_detail?serial_num=20170826032344205 峨嵋 女 89级  梦琪·风行者 -3.45225 -3.6735 -1.5 02天13小时17分钟 0.1 -6.56 123 0.176 7 -1.279 0.002 -2.19104 42959 -2.1826499999999998 -1.492375 0 
http://tl.cyg.changyou.com/goods/char_detail?serial_num=20170826035394228 天山 男 104级  魅．影﹏ 0.15625 1.0985 0.3765 02天13小时17分钟 0.0555 -1.4426666666666668 95 0.836 31 -1.0705 0.0 1.18092 19072 -1.0265 0.342 0 
http://tl.cyg.changyou.com/goods/char_detail?serial_num=20170826052144363 天山 男 89级  ﹡湮雨メ安然 -2.69695 -3.463 -1.5 02天13小时33分钟 1.276 -4.8759999999999994 36 0.196 13 -1.42 0.006 -2.92352 25556 -1.76615 -1.026625 0 
http://tl.cyg.changyou.com/goods/char_detail?serial_num=20170826234354862 逍遥 女 89级  桃园奈奈生． -3.7353 -3.3095 -1.5 02天15小时16分钟 1.55 -5.8053333333333335 31 0.218 3 -1.4745 0.0 -3.75936 30198 -2.24615 -1.29975 0 
http://tl.cyg.changyou.com/goods/char_detail?serial_num=20170826236004869 天山 女 89级  ˙御坂美琴 -4.05185 -4.2265 -1.5 02天15小时17分钟 1.6 -5.145333333333333 24 0.42 5 -1.479 0.0 -3.44762 13447 -2.1359500000000002 -1.509875 0 
http://tl.cyg.changyou.com/goods/char_detail?serial_num=20170826751075537 天山 男 102级  メ鹤夢．ゞ 0.461175 1.236 0.323 02天20小时33分钟 0.157 -1.3173333333333335 341 1.022 35 0.076 0.156 0.80983 34595 0.1584 0.789 0 
http://tl.cyg.changyou.com/goods/char_detail?serial_num=20170826812055656 明教 女 88级  ．西窗眠 -2.54765 -3.619 -1.5 02天20小时53分钟 1.28 -5.436 44 0.158 17 -1.4184999999999999 0.0 -1.3834 15467 -1.8484 -1.212875 0 
http://tl.cyg.changyou.com/goods/char_detail?serial_num=20170826900195959 丐帮 女 106级  瑾瑜Quinceゝ 2.21345 2.577 1.1025 02天21小时42分钟 1.0 0.4073333333333333 366 1.038 46 0.818 0.164 3.209 41326 -1.00045 1.139 0 
http://tl.cyg.changyou.com/goods/char_detail?serial_num=20170826919046135 少林 男 90级  ↗″情曦、 -4.53475 -4.2065 -1.42875 02天22小时00分钟 1.895 -7.2973333333333334 25 0.136 5 -1.465 0.0 -4.44782 15869 -2.59795 -1.7257500000000001 0 
http://tl.cyg.changyou.com/goods/char_detail?serial_num=20170826933006255 天山 男 102级  ╰ゝ＂尛澈ゞ 3.50455 2.4745 1.02175 02天22小时14分钟 -2.5 1.696 60 1.568 47 0.895 0.152 2.3324 41758 1.20915 1.317625 0 
http://tl.cyg.changyou.com/goods/char_detail?serial_num=20170826937046304 天山 男 89级  ☆帝乄流殇 -4.3317499999999995 -4.7915 -1.5 02天22小时19分钟 1.6800000000000002 -7.048 29 0.042 3 -1.4535 0.0 -5.05266 16510 -2.44075 -1.6535 0 
http://tl.cyg.changyou.com/goods/char_detail?serial_num=20170826943326360 明教 女 92级  小丸子呀。 -1.1464 -2.0535 -1.33875 02天22小时25分钟 1.1 -3.462666666666667 68 0.614 27 0.083 0.15 0.16569 11538 -1.55375 -1.1005 0 
http://tl.cyg.changyou.com/goods/char_detail?serial_num=20170826943356361 丐帮 男 98级  淡如烟． 0.0067 -1.5225 -1.071 02天22小时25分钟 0.1 -1.9773333333333334 66 0.848 32 -1.1045 0.026 0.96516 22141 -1.3099 0.48525 0 
http://tl.cyg.changyou.com/goods/char_detail?serial_num=20170826946396392 唐门 男 102级  ﹏别雨萧萧ゞ 1.2244 1.195 0.5705 02天22小时28分钟 1.0 0.37333333333333335 48 0.838 46 1.202 0.096 1.0227 34223 1.0521 1.237 1 
http://tl.cyg.changyou.com/goods/char_detail?serial_num=201708261002376535 鬼谷 女 85级  ミDc﹎玎珰 -4.86355 -4.979 -1.5 02天22小时43分钟 1.9 -8.217333333333332 6 0.012 0 -1.5 0.0 -6.01288 6704 -2.7506500000000003 -1.825625 0 
http://tl.cyg.changyou.com/goods/char_detail?serial_num=201708261009096586 鬼谷 女 87级  °ヽ秋天．≈ -4.8191500000000005 -4.979 -1.5 02天22小时50分钟 1.9 -8.101333333333333 6 0.024 0 -1.4969999999999999 0.0 -5.80914 9465 -2.69275 -1.7905 0 
http://tl.cyg.changyou.com/goods/char_detail?serial_num=201708261035536866 逍遥 男 89级  墨洛夕沐．つ -4.47365 -4.4715 -1.5 02天23小时17分钟 1.9 -7.5906666666666665 5 0.076 0 -1.49 0.022 -5.12318 28615 -2.5039 -1.5711249999999999 0 
http://tl.cyg.changyou.com/goods/char_detail?serial_num=201708261159097796 逍遥 男 83级  水果。 -4.73915 -4.9565 -1.5 03天00小时40分钟 1.9 -8.193333333333333 0 0.0 0 -1.486 0.0 -6.48438 14113 -2.6948499999999997 -1.707625 0 
http://tl.cyg.changyou.com/goods/char_detail?serial_num=201708261247278247 天山 女 89级  ら．凤九ゝ -3.83615 -4.0805 -1.5 03天01小时29分钟 1.65 -5.852 23 0.23 5 -1.4515 0.0 -3.38334 18166 -2.2241999999999997 -1.50475 0 
http://tl.cyg.changyou.com/goods/char_detail?serial_num=201708261306198419 峨嵋 女 102级  い浅笑初妍ゞ -2.6496500000000003 -3.4585 -1.34425 03天01小时48分钟 1.401 -5.064 24 0.318 20 -1.3945 0.014 0.7528 47109 -2.06825 -1.456625 0 
http://tl.cyg.changyou.com/goods/char_detail?serial_num=201708261312328495 逍遥 男 105级  续写、 0.763075 0.004 0.0555 03天01小时54分钟 0.9 0.082 30 1.024 37 -1.075 0.144 1.5920999999999998 41142 0.304 1.19375 1 
http://tl.cyg.changyou.com/goods/char_detail?serial_num=201708261354128904 明教 女 92级  メ紅妆． 0.48265 -1.105 -1.13125 03天02小时36分钟 0.5 -1.8826666666666667 38 0.448 19 -1.248 0.138 1.85772 27148 -1.2993999999999999 0.556 0 
http://tl.cyg.changyou.com/goods/char_detail?serial_num=201708261412359096 逍遥 男 109级  折子戏．り 1.74725 2.635 1.1025 03天02小时54分钟 0.6 0.518 109 0.97 45 0.882 0.164 1.1608 47377 1.23315 1.775 1 
http://tl.cyg.changyou.com/goods/char_detail?serial_num=201708261434139322 武当 男 88级  燕十三、 -4.4783 -4.979 -1.5 03天03小时16分钟 1.85 -7.332 25 0.05 3 -1.4935 0.0 -4.80696 18469 -2.55585 -1.6955 0 
http://tl.cyg.changyou.com/goods/char_detail?serial_num=201708261446379475 武当 男 88级  ′畵韵． -3.83045 -3.137 -1.5 03天03小时28分钟 1.65 -5.930666666666666 29 0.136 5 -1.4264999999999999 0.034 -3.75356 18599 -1.96725 -1.379375 0 
http://tl.cyg.changyou.com/goods/char_detail?serial_num=201708261450199520 丐帮 女 102级  把你变成猪． 5.119 2.5905 1.1025 03天03小时32分钟 -3.999 2.4146666666666667 261 1.272 47 1.335 0.858 6.14012 25290 1.22285 1.5818750000000001 1 
http://tl.cyg.changyou.com/goods/char_detail?serial_num=201708261531379943 武当 男 119级  ﹎慕〝皓辰 3.02765 2.636 1.1025 03天04小时13分钟 0.6 0.81 7 0.598 46 1.379 1.007 1.94214 68986 0.9107 0.679 0 
http://tl.cyg.changyou.com/goods/char_detail?serial_num=201708261615210417 峨嵋 女 115级  ′糖薇ゝ 0.9839 1.6975 0.5585 03天04小时56分钟 0.844 -3.152 38 0.456 30 0.372 0.25 4.73366 56775 -1.1697 0.68175 0 
http://tl.cyg.changyou.com/goods/char_detail?serial_num=201708261619320447 明教 男 80级  ．素挽玄裳 -4.497 -4.979 -1.5 03天05小时00分钟 1.889 -7.656 0 0.0 0 -1.487 0.0 -5.63224 8054 -2.7055 -1.6876250000000002 0 
http://tl.cyg.changyou.com/goods/char_detail?serial_num=201708261615450420 逍遥 男 89级  村ロ賣菜小子 -4.61985 -4.8774999999999995 -1.5 03天05小时02分钟 0.05 -7.306666666666667 0 0.08 0 -1.5 0.0 -5.34464 18692 -2.6347 -1.657 0 
http://tl.cyg.changyou.com/goods/char_detail?serial_num=201708261625360514 峨嵋 女 86级  寒沂． -2.3709 -2.6395 -1.5 03天05小时07分钟 0.25 -5.558666666666666 0 0.218 10 -1.228 0.062 -1.42486 44133 -1.8005499999999999 -1.288375 0 
http://tl.cyg.changyou.com/goods/char_detail?serial_num=201708261631090573 明教 男 98级  ら．人生ˊゝ -1.5481 -2.2845 -1.3085 03天05小时12分钟 1.2 -2.784 24 0.758 25 -1.4055 0.0 0.2638 29688 -1.57735 -1.195875 0 
http://tl.cyg.changyou.com/goods/char_detail?serial_num=201708261709230945 天山 男 119级  莫莫． 7.16195 2.6334999999999997 1.1025 03天05小时51分钟 -12.999 6.664 0 2.178 46 1.83 1.196 5.17692 44650 2.29515 2.23025 1 
http://tl.cyg.changyou.com/goods/char_detail?serial_num=201708261833401854 逍遥 女 89级  Twinkle′葵 0.530625 0.431 -1.5 03天07小时15分钟 -1.6989999999999998 -1.56 72 0.446 35 0.244 0.156 1.05888 37484 -1.31625 0.3085 1 
http://tl.cyg.changyou.com/goods/char_detail?serial_num=201708261835531876 慕容 男 112级  尋花問柳″ 0.48505 1.8784999999999998 0.4875 03天07小时17分钟 0.75 0.2826666666666667 48 0.928 42 -1.0625 0.032 2.4682 31849 0.3121 1.234125 1 
http://tl.cyg.changyou.com/goods/char_detail?serial_num=201708261912322356 峨嵋 女 92级  〃林大大． 0.22595 0.0985 0.1395 03天07小时55分钟 0.8 -3.664 59 0.252 26 0.17 0.126 1.42718 50767 -1.5061 -1.192625 1 
http://tl.cyg.changyou.com/goods/char_detail?serial_num=201708261921442468 慕容 男 88级  ぃ薰衣草王子 -4.64175 -4.6355 -1.5 03天08小时03分钟 1.9 -7.653333333333333 10 0.054 2 -1.474 0.014 -5.52226 14404 -2.56525 -1.6755 0 
http://tl.cyg.changyou.com/goods/char_detail?serial_num=201708261932522627 唐门 男 90级  捐款三十亿． -4.0996500000000005 -4.427 -1.456 03天08小时14分钟 1.8599999999999999 -5.8133333333333335 40 0.108 0 -1.462 0.03 -4.117319999999999 27400 -1.9976 -1.264625 0 
http://tl.cyg.changyou.com/goods/char_detail?serial_num=201708261935322668 天龙 女 97级  桑豆豆、 -3.9041 -4.5675 -1.5 03天08小时17分钟 1.8599999999999999 -6.3693333333333335 20 0.062 3 -1.474 0.0 -2.95546 28107 -2.3109 -1.52325 0 
http://tl.cyg.changyou.com/goods/char_detail?serial_num=201708262204424649 逍遥 男 89级  ＂那谁谁．う 0.2227 -2.941 -1.5 03天10小时46分钟 1.0 -1.7253333333333334 30 0.722 32 0.331 0.132 -1.12538 34203 -1.0508 1.193 1 
http://tl.cyg.changyou.com/goods/char_detail?serial_num=201708262206394686 唐门 男 102级  ら．琴弦断ゝ 2.10095 1.8715000000000002 0.955 03天10小时48分钟 -2.888 1.2746666666666666 334 1.346 46 0.48 0.156 2.98164 42466 1.23295 1.3675 1 
http://tl.cyg.changyou.com/goods/char_detail?serial_num=201708262211184790 逍遥 男 119级  ˇ若～迷尘∴ 4.2027 0.9145 0.2675 03天10小时52分钟 -1.7 2.046666666666667 0 1.106 47 1.5310000000000001 1.014 3.07636 43895 1.4060000000000001 1.9023750000000001 0 
http://tl.cyg.changyou.com/goods/char_detail?serial_num=201708262236465242 逍遥 男 119级  ″剑．翎﹏ 2.18615 2.4370000000000003 1.018 03天11小时18分钟 0.8 1.0946666666666667 8 0.984 39 1.144 0.204 2.47576 56178 0.8581 1.300125 0 
http://tl.cyg.changyou.com/goods/char_detail?serial_num=201708262325575958 唐门 女 105级  渔久玖ˉ -1.61335 -2.294 -1.025 03天12小时07分钟 1.001 -3.6733333333333333 15 0.554 10 -1.18 0.068 0.13132 29333 -1.4938 -1.1175 0 
http://tl.cyg.changyou.com/goods/char_detail?serial_num=201708262328235996 逍遥 男 89级  六ク神 -4.81385 -4.979 -1.5 03天12小时09分钟 1.9 -8.14 5 0.0 0 -1.5 0.0 -6.25378 15706 -2.6797500000000003 -1.6916250000000002 0 
http://tl.cyg.changyou.com/goods/char_detail?serial_num=20170827037076677 唐门 女 88级  ゆ．浮笙 -3.3213 -3.048 -1.5 03天13小时19分钟 1.7 -5.530666666666667 53 0.132 7 -1.272 0.02 -3.69268 22996 -2.0251 -1.422625 0 
http://tl.cyg.changyou.com/goods/char_detail?serial_num=20170827348417371 峨嵋 男 89级  ヾo无罪じ☆ -4.7822 -4.838 -1.5 03天16小时30分钟 1.9 -7.994666666666666 6 0.0 0 -1.5 0.0 -5.44914 22160 -2.6946000000000003 -1.816125 0 
http://tl.cyg.changyou.com/goods/char_detail?serial_num=20170827439537445 天山 男 102级  墨兮． 1.1985999999999999 1.6025 0.5355 03天17小时21分钟 0.55 0.6453333333333333 0 1.024 47 -1.0745 0.044 1.19368 29338 1.05265 1.214875 0 
http://tl.cyg.changyou.com/goods/char_detail?serial_num=20170827723587724 唐门 男 89级  大梦三千． -1.6228 -3.7215 -1.5 03天20小时09分钟 0.3 -3.994666666666667 4 0.728 47 -1.4115 0.0 -2.33746 26015 -1.7137 -1.299375 0 
http://tl.cyg.changyou.com/goods/char_detail?serial_num=20170827926228471 天龙 男 106级  忐忑 -3.97055 -2.6675 -1.2445 03天22小时07分钟 1.48 -6.52 10 0.16 5 -1.426 0.046 -3.9532 20470 -2.1696999999999997 -1.369625 0 
http://tl.cyg.changyou.com/goods/char_detail?serial_num=20170827930228500 天龙 男 90级  Pursueyear． 0.0604 -1.6560000000000001 -1.1375 03天22小时12分钟 0.4 -2.44 8 0.582 31 0.057 0.0 0.50491 26604 -1.4515 -1.062375 1 
http://tl.cyg.changyou.com/goods/char_detail?serial_num=20170827933418551 峨嵋 女 101级  紫逸 -3.8672 -2.8689999999999998 -1.185 03天22小时15分钟 1.58 -6.705333333333333 29 0.286 0 -1.475 0.03 -4.68416 31446 -2.3636999999999997 -1.647875 0 
http://tl.cyg.changyou.com/goods/char_detail?serial_num=20170827939528612 天龙 女 85级  ベ花露水ヾ -4.7622 -4.979 -1.5 03天22小时21分钟 1.9 -8.181333333333333 0 0.0 0 -1.487 0.0 -6.41348 8871 -2.74195 -1.7725 0 
http://tl.cyg.changyou.com/goods/char_detail?serial_num=20170827948098705 峨嵋 女 86级  ﹎花露水＂ -4.795999999999999 -4.9565 -1.5 03天22小时29分钟 1.9 -8.136 11 0.07 0 -1.5 0.0 -6.17844 19623 -2.73385 -1.857875 0 
http://tl.cyg.changyou.com/goods/char_detail?serial_num=201708271013438951 明教 男 89级  鱼最可爱． -3.3734 -2.956 -1.5 03天22小时55分钟 1.612 -4.524 24 0.532 13 -1.3905 0.048 -2.9922 9793 -2.02665 -1.24175 0 
http://tl.cyg.changyou.com/goods/char_detail?serial_num=201708271020269019 逍遥 男 89级  Rober． 1.1857 0.4165 -1.5 03天23小时01分钟 -1.299 0.334 38 0.98 48 0.249 0.156 1.63132 48107 0.1751 1.172125 1 
http://tl.cyg.changyou.com/goods/char_detail?serial_num=201708271054069352 峨嵋 女 119级  ．懒得热情 6.8411 2.636 1.1025 03天23小时35分钟 -7.999 0.6486666666666666 1721 1.184 47 1.141 0.6 8.71828 82445 1.3664 1.019125 1 
http://tl.cyg.changyou.com/goods/char_detail?serial_num=201708271208270107 武当 男 102级  望妹止咳 -3.65125 -1.625 -1.29275 04天00小时49分钟 1.62 -5.826666666666667 0 0.144 2 -1.357 0.052 -3.62536 34964 -2.1239 -1.435125 0 
http://tl.cyg.changyou.com/goods/char_detail?serial_num=201708271233090332 逍遥 女 89级  ˙花月无闲 -4.40475 -4.7585 -1.5 04天01小时14分钟 1.74 -7.16 16 0.106 0 -1.49 0.0 -5.08426 27497 -2.3526 -1.518875 0 
http://tl.cyg.changyou.com/goods/char_detail?serial_num=201708271245560485 少林 男 88级  血葬 -3.7515 -4.229 -1.5 04天01小时27分钟 1.568 -5.453333333333333 30 0.386 8 -1.3825 0.0 -2.76946 16747 -2.2752 -1.6585 0 
http://tl.cyg.changyou.com/goods/char_detail?serial_num=201708271303410701 唐门 女 89级  ．泸沽寻梦 0.063225 -1.1865 -1.5 04天01小时45分钟 0.4995 -2.793333333333333 166 0.302 29 0.263 0.0 -1.1998199999999999 40138 0.1862 0.108 0 
http://tl.cyg.changyou.com/goods/char_detail?serial_num=201708271312350805 逍遥 男 94级  七夜听雪♂ -3.40475 -4.031000000000001 -1.4889999999999999 04天01小时54分钟 1.7 -5.6386666666666665 67 0.28 2 -1.238 0.156 -3.83628 20671 -2.07705 -1.163 0 
http://tl.cyg.changyou.com/goods/char_detail?serial_num=201708271316060853 天山 男 102级  ぃ一叶之秋． 2.68045 1.374 1.043 04天01小时57分钟 0.9 0.9786666666666667 38 1.412 46 0.959 0.164 2.13808 24563 1.09255 1.381 1 
http://tl.cyg.changyou.com/goods/char_detail?serial_num=201708271323330940 峨嵋 女 114级  ﹎°蜜薇ゝ 2.42 2.134 0.7255 04天02小时05分钟 -1.5 -1.9773333333333334 15 0.662 31 0.306 0.342 5.91038 62548 0.0594 0.56175 1 
http://tl.cyg.changyou.com/goods/char_detail?serial_num=201708271325220967 逍遥 男 99级  花開ら葉相依 -4.32895 -3.428 -1.22125 04天02小时08分钟 1.76 -6.552 44 0.08 3 -1.48 0.0 -4.68388 28146 -2.31965 -1.361 0 
http://tl.cyg.changyou.com/goods/char_detail?serial_num=201708271446411937 天山 女 98级  o﹎語．ˊ -1.86475 -4.056 -1.3535 04天03小时28分钟 0.0 -3.074666666666667 78 0.774 25 -1.353 0.156 -2.10766 19744 -1.47685 0.32 1 
http://tl.cyg.changyou.com/goods/char_detail?serial_num=201708271448451963 天龙 男 88级  木瑾苏． 0.435775 -2.253 -1.5 04天03小时30分钟 0.6385 -1.588 0 0.594 40 0.251 0.078 1.1516 22043 -1.3991500000000001 0.1615 1 
http://tl.cyg.changyou.com/goods/char_detail?serial_num=201708271451111987 武当 男 102级  ˙﹎羲和．ˋ 1.8827500000000001 2.1305 1.1025 04天03小时32分钟 -1.8 1.7413333333333334 48 1.1219999999999999 38 0.239 0.156 1.22782 43051 0.1259 0.653 1 
http://tl.cyg.changyou.com/goods/char_detail?serial_num=201708271456192043 峨嵋 女 103级  狸夢夢． 0.985325 2.636 1.1025 04天03小时37分钟 -1.999 -1.1586666666666667 8 0.71 40 -1.111 0.156 3.75316 48768 -1.12555 -1.018 1 
http://tl.cyg.changyou.com/goods/char_detail?serial_num=201708271458132066 唐门 女 89级  ﹡彼岸花﹏ -2.90115 -3.2125 -1.5 04天03小时39分钟 1.001 -5.105333333333333 19 0.12 7 -1.322 0.036 -2.24674 34778 -1.7952 -1.194875 1 
http://tl.cyg.changyou.com/goods/char_detail?serial_num=201708271518222333 唐门 男 92级  雪若未曦。 0.1343 -3.5935 -1.14475 04天04小时00分钟 0.6 -2.086666666666667 167 0.858 26 -1.108 0.156 0.15139 41532 -1.4407 0.29 0 
http://tl.cyg.changyou.com/goods/char_detail?serial_num=201708271518492342 逍遥 男 90级  心动2014 -3.3991 -3.654 -1.29675 04天04小时00分钟 1.3 -4.396 52 0.312 5 -1.4809999999999999 0.004 -2.7683400000000002 40045 -2.08545 -1.274875 0 
http://tl.cyg.changyou.com/goods/char_detail?serial_num=201708271525152437 唐门 男 90级  严道 -1.12015 -2.0305 -1.254 04天04小时06分钟 0.4 -2.357333333333333 38 0.458 33 0.034 0.07 -1.09844 36771 0.0386 0.69225 0 
http://tl.cyg.changyou.com/goods/char_detail?serial_num=201708271556242895 峨嵋 女 102级  胖迪． 0.30415 1.0405 0.347 04天04小时38分钟 0.111 -4.121333333333333 250 0.278 30 -1.03 0.156 1.51488 55720 -1.1606 0.13425 0 
http://tl.cyg.changyou.com/goods/char_detail?serial_num=201708271610033037 武当 男 111级  丨Evil丶z 0.54065 0.6175 0.0055 04天04小时51分钟 0.0 0.04733333333333333 88 0.672 39 0.489 0.156 0.79588 42854 -1.1542 0.23725 0 
http://tl.cyg.changyou.com/goods/char_detail?serial_num=201708271610203040 少林 男 113级  AmoooHan丶 1.0228 1.1825 0.161 04天04小时51分钟 0.15 -1.1573333333333333 131 0.648 45 -1.003 0.156 6.67274 30670 0.4547 0.32475 0 
http://tl.cyg.changyou.com/goods/char_detail?serial_num=201708271652353548 逍遥 男 89级  小桥北城．ˇ 0.5869 -1.2015 -1.5 04天05小时34分钟 0.9 -1.084 38 0.714 41 0.623 0.156 0.22695 41562 0.3967 0.9925 1 
http://tl.cyg.changyou.com/goods/char_detail?serial_num=201708271654043567 星宿 男 109级  ．Emotionaっ 0.676525 -1.98 0.0555 04天05小时35分钟 0.25 0.07 347 0.836 26 0.052 0.156 2.07132 38075 -1.28865 0.33725 0 
http://tl.cyg.changyou.com/goods/char_detail?serial_num=201708271708553738 峨嵋 女 109级  莉莉娅． 0.245625 -2.835 -1.1315 04天05小时50分钟 1.165 -5.193333333333333 0 0.196 0 -1.05 0.496 1.82742 56806 -1.4614500000000001 -1.179125 0 
http://tl.cyg.changyou.com/goods/char_detail?serial_num=201708271806314472 逍遥 男 108级  ╭⌒．梓槿 -2.70105 -2.2984999999999998 -1.1135 04天06小时48分钟 0.0495 -3.3973333333333335 230 0.676 16 -1.252 0.156 -1.9112200000000001 31132 -1.42415 1.00325 0 
http://tl.cyg.changyou.com/goods/char_detail?serial_num=201708271822274666 逍遥 男 102级  に紅んん峸に -2.5690999999999997 -3.033 0.0215 04天07小时03分钟 1.001 -3.506666666666667 20 0.494 23 -1.0995 0.03 -1.64316 24638 -1.2229 0.512 0 
http://tl.cyg.changyou.com/goods/char_detail?serial_num=201708271830394816 少林 女 89级  简单￠情书 -3.60315 -3.313 -1.5 04天07小时13分钟 1.6 -4.709333333333333 21 0.31 7 -1.4085 0.026 -1.48074 19842 -2.16135 -1.51325 0 
http://tl.cyg.changyou.com/goods/char_detail?serial_num=201708271838104916 逍遥 男 109级  十年温如言． -1.57105 -1.5110000000000001 -1.0465 04天07小时22分钟 0.2495 -2.0666666666666664 118 0.734 21 -1.085 0.054 0.78565 35190 0.0801 1.19475 0 
http://tl.cyg.changyou.com/goods/char_detail?serial_num=201708271846314999 逍遥 女 105级  ☆不忘初心丶 -2.8360000000000003 -2.7675 -1.20625 04天07小时28分钟 1.112 -4.230666666666666 58 0.5 23 -1.393 0.0 -2.16484 29836 -1.81555 -1.091125 1 
http://tl.cyg.changyou.com/goods/char_detail?serial_num=201708271847265004 逍遥 女 102级  洛洛微光暖． 0.852725 0.355 -1.09375 04天07小时28分钟 1.0 0.11933333333333333 138 0.886 27 0.407 0.138 1.2375 44114 0.4541 1.1375 1 
http://tl.cyg.changyou.com/goods/char_detail?serial_num=201708271853195069 天龙 女 89级  花開情爲誰 -2.0904499999999997 -3.6175 -1.5 04天07小时34分钟 0.1 -3.533333333333333 0 0.586 29 -1.209 0.026 -1.62602 21711 -1.37745 0.1795 0 
http://tl.cyg.changyou.com/goods/char_detail?serial_num=201708271857335118 天龙 男 89级  温宸影． 0.593825 -1.412 -1.5 04天07小时38分钟 0.575 -2.7973333333333334 0 0.504 35 0.24 0.072 0.56118 34529 -1.19505 0.5535 0 
http://tl.cyg.changyou.com/goods/char_detail?serial_num=201708271912285319 逍遥 男 102级  ″溪宁づ 0.850925 0.879 0.4915 04天07小时54分钟 0.25 -1.4826666666666668 68 0.868 38 0.091 0.11 1.5021200000000001 47332 0.1435 1.017 0 
http://tl.cyg.changyou.com/goods/char_detail?serial_num=201708271914395348 逍遥 男 89级  轩·伤痕 -1.3531 -1.7745 -1.5 04天07小时56分钟 0.194 -3.7306666666666666 5 0.69 21 0.174 0.124 -1.4846599999999999 30979 -1.29175 0.68925 0 
http://tl.cyg.changyou.com/goods/char_detail?serial_num=201708271940225720 峨嵋 女 80级  ヾ曾经沧海﹏ -4.7946 -4.934 -1.5 04天08小时22分钟 1.79 -8.118666666666666 0 0.0 0 -1.5 0.0 -5.82734 20151 -2.8592 -1.87 0 
http://tl.cyg.changyou.com/goods/char_detail?serial_num=201708271956325944 天山 男 86级  玉响． -4.38185 -4.9745 -1.5 04天08小时39分钟 1.83 -6.956 0 0.16 0 -1.463 0.0 -5.26658 11431 -2.5304 -1.54425 0 
http://tl.cyg.changyou.com/goods/char_detail?serial_num=201708272001096003 峨嵋 女 109级  ＂魚魚、 -2.4595000000000002 -2.9005 -1.2645 04天08小时49分钟 1.112 -5.386666666666667 36 0.18 17 -1.4104999999999999 0.03 0.59882 51589 -2.0098000000000003 -1.36975 0 
http://tl.cyg.changyou.com/goods/char_detail?serial_num=201708272011436159 慕容 女 89级  桃淘逃 -4.0716 -4.404 -1.5 04天08小时53分钟 1.556 -6.476 30 0.368 3 -1.452 0.028 -3.31672 17173 -2.1798 -1.517125 0 
http://tl.cyg.changyou.com/goods/char_detail?serial_num=201708272023116329 慕容 男 102级  ′梦曦晨ゝ 1.2107 1.4155 0.3715 04天09小时05分钟 0.45 0.364 36 0.918 31 0.72 0.164 2.85222 28289 0.9048 1.209875 0 
http://tl.cyg.changyou.com/goods/char_detail?serial_num=201708272027426364 天龙 男 88级  丶為nl。変乖 -3.3408 -4.098 -1.5 04天09小时09分钟 1.612 -7.298666666666667 18 0.122 7 -1.4045 0.0 -3.53814 37076 -2.1106499999999997 -1.546375 0 
http://tl.cyg.changyou.com/goods/char_detail?serial_num=201708272030276407 逍遥 男 88级  别说n丨懂我 -4.0819 -4.5305 -1.5 04天09小时11分钟 1.8010000000000002 -7.196 59 0.092 5 -1.466 0.01 -4.83734 20994 -2.34485 -1.4605000000000001 0 
http://tl.cyg.changyou.com/goods/char_detail?serial_num=201708272039026540 丐帮 男 92级  鬼神大人．ら -2.93505 -3.9435 -1.26975 04天09小时20分钟 1.631 -6.012 26 0.226 3 -1.448 0.002 -3.10188 9950 -2.2485 -1.41475 0 
http://tl.cyg.changyou.com/goods/char_detail?serial_num=201708272051236729 天山 男 99级  俺艹你妹 -4.1076 -4.890000000000001 -1.5 04天09小时33分钟 1.889 -6.946666666666666 24 0.05 2 -1.421 0.0 -5.81254 22252 -2.28355 -1.447375 0 
http://tl.cyg.changyou.com/goods/char_detail?serial_num=201708272126267216 峨嵋 女 119级  ミ﹏稀饭 1.4552 2.492 1.08125 04天10小时08分钟 -1.188 -2.2053333333333334 0 0.718 40 0.038 0.244 3.53496 52113 -1.2259 0.532 1 
http://tl.cyg.changyou.com/goods/char_detail?serial_num=201708272214278061 唐门 男 88级  summerst -4.0245999999999995 -4.218999999999999 -1.5 04天10小时57分钟 1.55 -6.033333333333333 4 0.156 3 -1.49 0.0 -3.3377 23755 -2.3628 -1.53675 0 
http://tl.cyg.changyou.com/goods/char_detail?serial_num=201708272227378305 天山 男 89级  渐闻溪山白． 0.350075 -1.5270000000000001 -1.5 04天11小时10分钟 0.625 -1.26 287 1.052 30 -1.0855 0.124 0.62748 27953 -1.05045 0.79275 0 
http://tl.cyg.changyou.com/goods/char_detail?serial_num=201708272236138445 逍遥 男 110级  莫意卿．ッ 4.4249 2.636 1.1025 04天11小时18分钟 -4.5 4.1146666666666665 0 1.3599999999999999 47 1.1255 0.366 4.468859999999999 45300 1.28745 1.5671249999999999 1 
http://tl.cyg.changyou.com/goods/char_detail?serial_num=201708272237468466 峨嵋 女 107级  ぃ依然べ -4.27675 -4.805 -1.5 04天11小时19分钟 1.8 -7.7026666666666666 19 0.042 0 -1.4929999999999999 0.0 -3.63764 38605 -2.43605 -1.595125 0 
http://tl.cyg.changyou.com/goods/char_detail?serial_num=201708272317059041 逍遥 女 119级  ﹎花树·樱ゝ 2.8933999999999997 2.636 1.1025 04天11小时58分钟 -3.5 1.8719999999999999 539 1.202 45 0.684 0.18 3.6589 39328 0.9003 1.30075 1 
http://tl.cyg.changyou.com/goods/char_detail?serial_num=201708272341249376 逍遥 男 119级  ′Diamond．z 3.66655 2.636 1.1025 04天12小时23分钟 -1.98 1.7733333333333334 330 1.362 47 1.1965 0.27 3.37528 68558 1.2418 1.74125 0 
http://tl.cyg.changyou.com/goods/char_detail?serial_num=201708272359209562 唐门 男 98级  我我 -2.1629 -2.1715 -1.285 04天12小时41分钟 0.0375 -5.350666666666666 36 0.346 3 0.176 0.304 -2.9294599999999997 17820 -1.4289 0.1565 0 
http://tl.cyg.changyou.com/goods/char_detail?serial_num=20170828004569629 天山 男 109级  一名化妆师． 3.3539 2.3405 1.03625 04天12小时47分钟 -2.567 1.8226666666666667 120 1.6520000000000001 47 1.1360000000000001 0.946 3.27086 26704 1.41215 1.744625 1 
http://tl.cyg.changyou.com/goods/char_detail?serial_num=20170828007419657 峨嵋 女 119级  ﹌。千诺苛苛 3.0836 2.636 1.1025 04天12小时49分钟 1.9 -1.1906666666666668 764 0.822 44 -1.054 1.035 4.91422 53153 0.6802 1.119875 1 
http://tl.cyg.changyou.com/goods/char_detail?serial_num=20170828015139759 天山 男 108级  你特么谁． 4.04535 2.636 1.1025 04天12小时56分钟 -2.5549999999999997 2.3853333333333335 170 1.634 46 1.2875 0.38 2.54278 52368 1.3568500000000001 1.40025 1 
http://tl.cyg.changyou.com/goods/char_detail?serial_num=20170828015219763 明教 男 88级  在昧° -3.73015 -3.843 -1.5 04天12小时57分钟 1.72 -6.173333333333333 55 0.152 5 -1.361 0.0 -3.043 15584 -2.2222999999999997 -1.4935 0 
http://tl.cyg.changyou.com/goods/char_detail?serial_num=20170828025409881 天山 男 106级  ＇蘇若羽．﹡ 0.78815 1.6800000000000002 0.596 04天13小时07分钟 0.05 0.544 30 1.12 41 0.343 0.156 1.78966 25826 0.2725 1.015 0 
http://tl.cyg.changyou.com/goods/char_detail?serial_num=20170828048060063 星宿 男 90级  ′絡．寒風ゝ -3.1372 -3.2165 -1.38775 04天13小时29分钟 1.45 -4.669333333333333 7 0.28 10 -1.4115 0.03 -2.21942 32011 -2.0608 -1.352125 0 
http://tl.cyg.changyou.com/goods/char_detail?serial_num=20170828127580322 逍遥 男 92级  ′．半生缘． 2.4815 2.04 0.638 04天14小时10分钟 -2.8 0.8233333333333334 48 0.894 46 0.537 0.156 0.94445 53480 0.6612 1.3363749999999999 1 
http://tl.cyg.changyou.com/goods/char_detail?serial_num=20170828153460418 鬼谷 男 98级  寻声 -4.40565 -4.979 -1.5 04天14小时35分钟 1.85 -7.738666666666667 0 0.032 0 -1.474 0.0 -5.11556 17859 -2.5122999999999998 -1.658375 0 
http://tl.cyg.changyou.com/goods/char_detail?serial_num=20170828448310910 天龙 男 105级  子望． 5.2394 2.556 1.1025 04天17小时30分钟 -5.588 0.9626666666666667 7 1.068 46 1.4925 1.196 4.96954 32675 0.878 1.304 1 
http://tl.cyg.changyou.com/goods/char_detail?serial_num=20170828607551002 天山 男 92级  ╰ゝ伊歆≈ 0.61785 0.112 0.584 04天18小时49分钟 0.5 -1.496 277 1.174 46 0.255 0.0 0.51435 38243 -1.18685 0.7365 0 
http://tl.cyg.changyou.com/goods/char_detail?serial_num=20170828907351542 武当 男 119级  ˙一首歌 8.346599999999999 2.636 1.1025 04天21小时48分钟 -13.0 6.773333333333333 0 1.188 47 1.5725 1.19 7.22776 51740 1.83025 1.5863749999999999 1 
http://tl.cyg.changyou.com/goods/char_detail?serial_num=20170828919481678 峨嵋 女 102级  绝情乄旋律． -2.9166499999999997 -3.264 -1.12375 04天22小时04分钟 0.0 -5.8453333333333335 19 0.174 0 -1.331 0.004 -1.2227000000000001 43476 -2.0673500000000002 -1.410375 1 
http://tl.cyg.changyou.com/goods/char_detail?serial_num=20170828945091894 鬼谷 女 96级  若依若曦 -4.6277 -4.8655 -1.49725 04天22小时26分钟 1.75 -7.768 0 0.05 0 -1.482 0.0 -5.62684 20156 -2.6214500000000003 -1.637875 0 
http://tl.cyg.changyou.com/goods/char_detail?serial_num=20170828958272032 武当 男 95级  ぃ．凉尐ゝ -2.388 -2.0380000000000003 -1.1415 04天22小时39分钟 1.3 -4.109333333333334 27 0.342 19 -1.23 0.02 -2.1369 37483 -1.5902500000000002 -1.228 0 
http://tl.cyg.changyou.com/goods/char_detail?serial_num=201708281006472115 丐帮 男 92级  小灬帅 -3.78105 -3.496 -1.415 04天22小时48分钟 1.412 -5.378666666666667 29 0.336 5 -1.468 0.014 -2.8334 13222 -2.11695 -1.305875 0 
http://tl.cyg.changyou.com/goods/char_detail?serial_num=201708281053402670 逍遥 男 96级  飛雪 -4.01265 -3.7665 -1.415 04天23小时35分钟 1.8399999999999999 -6.689333333333333 40 0.048 3 -1.4505 0.006 -4.47464 35125 -2.1834499999999997 -1.3667500000000001 0 
http://tl.cyg.changyou.com/goods/char_detail?serial_num=201708281130573102 天山 男 119级  帅的被人打． 6.45055 2.636 1.1025 05天00小时12分钟 -9.0 5.726666666666667 68 2.02 47 1.4025 0.298 5.12824 41720 2.09685 2.090875 1 
http://tl.cyg.changyou.com/goods/char_detail?serial_num=201708281138113162 逍遥 男 105级  轻幻幻啊丶 2.6889000000000003 2.636 1.1025 05天00小时19分钟 -1.288 0.8566666666666667 60 1.082 47 0.935 0.156 1.7609599999999999 39737 1.309 1.6256249999999999 1 
http://tl.cyg.changyou.com/goods/char_detail?serial_num=201708281144293239 逍遥 男 88级  ．小迷弟 -3.6105 -3.8255 -1.5 05天00小时25分钟 1.512 -6.657333333333334 38 0.318 12 -1.4104999999999999 0.026 -3.51358 32521 -2.11265 -1.3455 0 
http://tl.cyg.changyou.com/goods/char_detail?serial_num=201708281145003247 天山 男 89级  倾城一笑。 -3.12995 -2.983 -1.5 05天00小时26分钟 1.3 -4.332 30 0.524 13 -1.431 0.002 -1.81746 25128 -1.69185 -1.1645 0 
http://tl.cyg.changyou.com/goods/char_detail?serial_num=201708281154333340 峨嵋 女 88级  ぅ银狐ぃ -4.7229 -4.970000000000001 -1.5 05天00小时38分钟 1.889 -7.864 17 0.072 0 -1.4945 0.0 -5.57924 24766 -2.6265 -1.7690000000000001 0 
http://tl.cyg.changyou.com/goods/char_detail?serial_num=201708281200023415 星宿 男 89级  流年— -3.27165 -3.5505 -1.5 05天00小时41分钟 1.556 -5.302666666666667 58 0.166 3 -1.2345 0.016 -2.85576 33493 -2.3183499999999997 -1.4535 0 
http://tl.cyg.changyou.com/goods/char_detail?serial_num=201708281206093473 天山 男 89级  轻叩． -1.98925 -2.8805 -1.5 05天00小时47分钟 1.2 -5.958666666666667 5 0.376 32 -1.298 0.0 -3.61938 6715 -1.87725 -1.3645 0 
http://tl.cyg.changyou.com/goods/char_detail?serial_num=201708281235203792 慕容 男 89级  ﹎Οne丶漢子 -1.5095 -4.345000000000001 -1.5 05天01小时16分钟 0.45 -3.7973333333333334 121 0.66 24 -1.2045 0.18 -1.63324 25203 -2.07835 -1.044875 0 
http://tl.cyg.changyou.com/goods/char_detail?serial_num=201708281247143941 天龙 男 119级  ．＂余墨﹏ 4.8682 2.636 1.1025 05天01小时28分钟 -3.1 0.968 0 0.814 47 1.285 0.34 5.9127 38606 1.0122 1.181375 1 
http://tl.cyg.changyou.com/goods/char_detail?serial_num=201708281254014012 峨嵋 女 88级  〆∞絮㏄° -3.7648 -4.288 -1.5 05天01小时35分钟 1.667 -7.177333333333333 20 0.098 2 -1.377 0.01 -3.33098 32939 -2.3893500000000003 -1.612125 0 
http://tl.cyg.changyou.com/goods/char_detail?serial_num=201708281332454493 明教 男 83级  魂焱メ -4.8403 -4.8985 -1.5 05天02小时14分钟 1.9 -8.034666666666666 0 0.0 0 -1.49 0.0 -6.36252 7820 -2.68925 -1.7962500000000001 0 
http://tl.cyg.changyou.com/goods/char_detail?serial_num=201708281426395129 武当 女 86级  ジ孙尚香 -3.5141 -4.394 -1.5 05天03小时08分钟 1.655 -5.294666666666667 5 0.434 14 -1.436 0.0 -4.4157399999999996 36933 -2.1071 -1.45275 0 
http://tl.cyg.changyou.com/goods/char_detail?serial_num=201708281433575194 峨嵋 女 106级  〆﹏苏沐语ヾ -1.90945 -1.9355 -1.2595 05天03小时15分钟 0.05 -4.938666666666666 120 0.37 13 -1.2015 0.042 0.55024 55397 -1.8383 -1.238125 0 
http://tl.cyg.changyou.com/goods/char_detail?serial_num=201708281450255394 逍遥 女 110级  伊莉斯． 1.86755 1.687 1.1025 05天03小时32分钟 0.65 0.702 102 1.116 47 0.474 0.156 2.35436 39906 1.2500499999999999 1.518875 1 
http://tl.cyg.changyou.com/goods/char_detail?serial_num=201708281458335478 峨嵋 女 89级  ﹎天上红绯ゞ 0.332 0.2585 -1.5 05天03小时40分钟 -1.222 -3.7466666666666666 488 0.722 17 0.025 0.074 0.98724 54080 -1.58635 -1.203125 1 
http://tl.cyg.changyou.com/goods/char_detail?serial_num=201708281458575484 逍遥 男 119级  问vv道 2.2630999999999997 1.116 0.377 05天03小时40分钟 0.944 0.952 340 0.698 39 0.949 0.346 2.1832599999999998 37129 1.06585 1.4341249999999999 0 
http://tl.cyg.changyou.com/goods/char_detail?serial_num=201708281505365553 明教 女 108级  ′．威士忌ゝ 3.48045 2.636 1.1025 05天03小时47分钟 -1.567 1.456 38 1.146 46 1.2415 0.368 3.55288 25885 1.01125 1.25475 1 
http://tl.cyg.changyou.com/goods/char_detail?serial_num=201708281520515741 天龙 男 109级  轻挽墨离歌． 1.9550999999999998 2.636 1.1025 05天04小时02分钟 0.75 0.458 192 0.676 40 0.318 0.1 2.2649 33845 0.0606 0.76775 0 
http://tl.cyg.changyou.com/goods/char_detail?serial_num=201708281526045802 峨嵋 男 102级  ″清．羽﹏ -4.2361 -4.616 -1.415 05天04小时07分钟 1.778 -7.573333333333333 61 0.054 3 -1.484 0.015 -3.49552 50523 -2.51365 -1.62325 0 
http://tl.cyg.changyou.com/goods/char_detail?serial_num=201708281526465806 天山 男 100级  ◇﹎ゞ唯美ゝ -4.5692 -4.679 -1.48625 05天04小时08分钟 1.8010000000000002 -7.236 22 0.124 0 -1.468 0.002 -5.08102 10599 -2.4531 -1.6007500000000001 0 
http://tl.cyg.changyou.com/goods/char_detail?serial_num=201708281537255895 逍遥 男 89级  ′呆呆哟． -4.188750000000001 -4.4405 -1.5 05天04小时19分钟 1.802 -6.641333333333334 19 0.152 3 -1.468 0.0 -4.10178 18367 -2.3849 -1.432375 0 
http://tl.cyg.changyou.com/goods/char_detail?serial_num=201708281724527057 逍遥 男 116级  ★、紫夜 2.1940999999999997 2.6165000000000003 1.1025 05天06小时06分钟 -1.3 0.686 481 1.142 39 1.1555 0.164 3.04732 42731 0.7437 1.334125 1 
http://tl.cyg.changyou.com/goods/char_detail?serial_num=201708281734527153 逍遥 男 119级  无她无爱．や 1.53955 2.636 1.1025 05天06小时17分钟 -1.1 0.36733333333333335 118 0.75 36 0.726 0.156 2.251 46488 0.2883 1.20575 1 
http://tl.cyg.changyou.com/goods/char_detail?serial_num=201708281805157469 逍遥 男 83级  糯糯 -4.8332999999999995 -4.823 -1.5 05天06小时46分钟 1.9 -7.898666666666666 16 0.0 0 -1.498 0.0 -6.26648 12789 -2.667 -1.73075 0 
http://tl.cyg.changyou.com/goods/char_detail?serial_num=201708281831117765 唐门 男 88级  『黑色幽默』 -3.95845 -4.3245000000000005 -1.5 05天07小时13分钟 1.8 -6.838666666666667 40 0.082 3 -1.475 0.0 -3.65586 26441 -2.4356 -1.648625 0 
http://tl.cyg.changyou.com/goods/char_detail?serial_num=201708281850128019 天山 男 119级  安笙° 7.1284 2.636 1.1025 05天07小时31分钟 -10.0 6.458666666666667 12 2.016 47 1.6604999999999999 1.19 6.56218 27518 1.96445 1.936 1 
http://tl.cyg.changyou.com/goods/char_detail?serial_num=201708281929338545 天龙 男 105级  ノ沧鸾丶七宝 0.95015 2.327 1.1025 05天08小时11分钟 0.34 0.24266666666666667 12 0.954 40 0.318 0.156 2.82888 34554 0.248 0.4955 0 
http://tl.cyg.changyou.com/goods/char_detail?serial_num=201708281937098634 逍遥 男 92级  老板你妹来了 -2.73775 -2.8594999999999997 -1.0615 05天08小时19分钟 1.3 -3.4466666666666668 236 0.332 10 -1.4135 0.08 -1.2775 31531 -1.9539499999999999 -1.212 0 
http://tl.cyg.changyou.com/goods/char_detail?serial_num=201708281951558841 逍遥 男 109级  ˇ╮戀覀﹏ -1.31175 -1.435 0.0615 05天08小时33分钟 1.212 -3.2293333333333334 87 0.488 17 -1.0365 0.096 0.58264 65772 -1.2295 0.4545 0 
http://tl.cyg.changyou.com/goods/char_detail?serial_num=201708281953428865 逍遥 男 114级  溪枫碎雨枫ゝ 4.05835 2.636 1.1025 05天08小时35分钟 -1.666 1.34 269 1.166 46 1.3425 0.374 3.26766 50687 1.28145 1.6125 1 
http://tl.cyg.changyou.com/goods/char_detail?serial_num=201708282026449354 武当 男 112级  青杉依旧 5.18205 2.5915 1.1025 05天09小时08分钟 -6.5 4.8773333333333335 0 1.206 48 1.0125 0.156 4.52694 44385 1.3194 1.164375 1 
http://tl.cyg.changyou.com/goods/char_detail?serial_num=201708282115370092 武当 男 86级  ″风．冷瞳ゞ -4.5687 -4.885 -1.5 05天09小时57分钟 1.865 -7.397333333333333 23 0.04 0 -1.5 0.0 -4.89678 25041 -2.64765 -1.74925 0 
http://tl.cyg.changyou.com/goods/char_detail?serial_num=201708282118190142 峨嵋 女 119级  暮木木． 4.0796 2.636 1.1025 05天09小时59分钟 -2.3209999999999997 -2.134666666666667 75 0.682 45 0.988 0.605 5.95558 75743 0.0467 0.72425 1 
http://tl.cyg.changyou.com/goods/char_detail?serial_num=201708282123460261 逍遥 女 119级  山楂． 4.3817 2.636 1.1025 05天10小时06分钟 -2.888 1.9093333333333333 283 1.168 47 0.785 0.794 3.7653 50249 1.15265 1.778375 1 
http://tl.cyg.changyou.com/goods/char_detail?serial_num=201708282130590404 明教 男 102级  ツ．尐偉ゝ 1.78395 1.346 0.787 05天10小时12分钟 0.644 0.7826666666666666 0 1.184 45 0.381 0.156 2.4344200000000003 24976 1.0398 1.02725 0 
http://tl.cyg.changyou.com/goods/char_detail?serial_num=201708282151130778 逍遥 男 105级  栀北清歌寒． 0.595225 -1.946 -1.11275 05天10小时32分钟 0.21 -2.472 8 0.85 25 0.837 0.18 0.67123 47332 -1.0149 0.9585 1 
http://tl.cyg.changyou.com/goods/char_detail?serial_num=201708282153540830 天山 男 107级  细雨．こ 2.1544499999999998 1.9495 0.6365 05天10小时35分钟 -1.3 0.442 103 1.178 43 0.789 0.156 2.5964799999999997 24195 0.9533 1.2814999999999999 1 
http://tl.cyg.changyou.com/goods/char_detail?serial_num=201708282219031213 天山 男 88级  等风也等你˙ 0.733275 -1.9915 -1.5 05天11小时00分钟 -1.2 0.007333333333333333 254 0.952 37 0.612 0.156 0.40713 21359 0.5059 0.895 1 
http://tl.cyg.changyou.com/goods/char_detail?serial_num=201708282222381270 唐门 男 102级  永恒醉、 -1.03205 -1.4315 0.2675 05天11小时04分钟 0.35 -2.9733333333333336 13 0.44 41 -1.1465 0.004 0.61429 39201 -1.17865 0.2045 1 
http://tl.cyg.changyou.com/goods/char_detail?serial_num=201708282227071335 逍遥 男 107级  江湖奇才 -4.000500000000001 -3.466 -1.259 05天11小时08分钟 1.721 -6.133333333333334 40 0.262 2 -1.4729999999999999 0.002 -3.64014 38622 -1.9681 -1.2061250000000001 0 
http://tl.cyg.changyou.com/goods/char_detail?serial_num=201708282244461627 逍遥 男 119级  凉橙画． 5.5921 2.636 1.1025 05天11小时27分钟 -6.5 3.732 34 1.512 47 1.3285 0.924 6.07104 48732 1.3492 1.751375 1 
http://tl.cyg.changyou.com/goods/char_detail?serial_num=201708282303521909 逍遥 男 119级  Cruel．选选 5.94105 2.636 1.1025 05天11小时45分钟 -5.566 4.241333333333333 175 1.6219999999999999 47 1.4645000000000001 1.135 6.5756 55810 1.38255 1.840125 1 
http://tl.cyg.changyou.com/goods/char_detail?serial_num=201708282305401945 天龙 女 89级  凭阑． 0.62895 -2.7744999999999997 -1.5 05天11小时47分钟 0.6725 -1.5546666666666666 0 0.736 31 0.732 0.156 0.94315 20531 0.201 0.461 0 
http://tl.cyg.changyou.com/goods/char_detail?serial_num=201708282315222087 天龙 男 119级  ˇ﹏吾先生 6.8107 2.636 1.1025 05天11小时57分钟 -6.666 4.386666666666667 0 1.048 47 1.587 1.19 8.28662 31244 1.4053 1.39975 1 
http://tl.cyg.changyou.com/goods/char_detail?serial_num=201708282327372237 逍遥 男 108级  ﹎尛手冰冷ゞ 0.777425 1.4315 0.916 05天12小时09分钟 0.5555 0.138 36 0.918 39 -1.196 0.156 1.74638 52196 0.2228 1.018 1 
http://tl.cyg.changyou.com/goods/char_detail?serial_num=20170829016182811 峨嵋 女 119级  张曼玉˙ 0.918925 1.3765 0.3965 05天12小时58分钟 -1.333 -3.481333333333333 234 0.414 25 -1.123 0.212 3.424 63220 -1.2763 -1.07475 1 
http://tl.cyg.changyou.com/goods/char_detail?serial_num=20170829029352932 丐帮 男 89级  玩物喪志 -4.228 -4.1905 -1.5 05天13小时11分钟 1.865 -6.933333333333334 8 0.16 2 -1.454 0.008 -4.452719999999999 15014 -2.4302 -1.592625 0 
http://tl.cyg.changyou.com/goods/char_detail?serial_num=20170829459243866 武当 男 93级  顾卿． 1.90705 1.016 -1.1795 05天17小时40分钟 0.8 0.6246666666666667 51 0.87 47 1.27 0.158 0.8839 30244 0.6742 0.96775 1 
http://tl.cyg.changyou.com/goods/char_detail?serial_num=20170829759084306 武当 男 92级  丿小伍丶 -4.7284500000000005 -4.9695 -1.49725 05天20小时41分钟 1.9 -7.721333333333333 15 0.074 0 -1.49 0.0 -5.47674 21678 -2.6186 -1.758375 0 
http://tl.cyg.changyou.com/goods/char_detail?serial_num=20170829826244457 明教 男 99级  江湖人称明教 -4.6996 -4.857 -1.49725 05天21小时07分钟 1.778 -7.794666666666667 6 0.0 0 -1.4969999999999999 0.0 -5.23728 10191 -2.6623 -1.7413750000000001 0 
http://tl.cyg.changyou.com/goods/char_detail?serial_num=20170829845424585 逍遥 男 89级  阿磊 3.05055 0.431 -1.5 05天21小时27分钟 -3.0 0.756 5 1.104 46 1.661 0.15 1.25116 26315 0.562 1.4417499999999999 1 
http://tl.cyg.changyou.com/goods/char_detail?serial_num=201708291044055658 逍遥 男 112级  三余无梦生． 2.2586500000000003 2.636 1.1025 05天23小时26分钟 -1.2 0.932 48 0.992 44 0.342 0.15 2.50328 41874 0.5682 1.36025 1 
http://tl.cyg.changyou.com/goods/char_detail?serial_num=201708291203036494 天山 男 80级  ．上坐骑ゝ 1.43245 -2.335 -1.5 06天00小时44分钟 0.75 -5.488 85 0.84 47 -1.258 0.0 -4.398899999999999 6299 -2.3074500000000002 -1.423 0 
http://tl.cyg.changyou.com/goods/char_detail?serial_num=201708291235506813 明教 男 89级  …… 0.196175 0.01 -1.5 06天01小时17分钟 1.0 -1.484 45 0.81 39 -1.1005 0.052 0.27253 24527 -1.2391 0.27775 0 
http://tl.cyg.changyou.com/goods/char_detail?serial_num=201708291251476986 逍遥 男 89级  霍比特·枫 0.0201 -2.8735 -1.5 06天01小时33分钟 0.3 -2.562666666666667 30 0.802 30 0.21 0.156 -1.9623 32459 -1.3883 0.907 0 
http://tl.cyg.changyou.com/goods/char_detail?serial_num=201708291314037244 天山 男 89级  滴血的板砖メ -1.80395 -2.308 -1.5 06天01小时57分钟 0.175 -2.881333333333333 153 0.822 25 -1.2245 0.06 0.23463 26333 -1.6362 -1.080875 0 
http://tl.cyg.changyou.com/goods/char_detail?serial_num=201708291409437892 逍遥 男 89级  Actor。 0.163925 -1.231 -1.5 06天02小时52分钟 0.65 -1.9946666666666668 24 0.67 40 0.409 0.026 -1.17584 32825 0.1249 1.05275 0 
http://tl.cyg.changyou.com/goods/char_detail?serial_num=201708291420517996 逍遥 女 116级  ′阿妹．ゝ 5.7372 2.636 1.1025 06天03小时02分钟 -4.666 2.8706666666666667 127 1.176 46 1.2345 1.06 5.40056 58871 1.18565 1.675 1 
http://tl.cyg.changyou.com/goods/char_detail?serial_num=201708291448568313 武当 男 92级  雪月永恒 -4.6493 -4.4965 -1.468 06天03小时30分钟 1.88 -7.408 5 0.114 0 -1.4969999999999999 0.002 -5.6458 22936 -2.5887000000000002 -1.7325 0 
http://tl.cyg.changyou.com/goods/char_detail?serial_num=201708291451168352 明教 男 83级  Kiss灬sage -4.837899999999999 -4.886 -1.5 06天03小时32分钟 1.9 -8.221333333333334 0 0.0 0 -1.5 0.0 -5.95096 5923 -2.7390499999999998 -1.8555000000000001 0 
http://tl.cyg.changyou.com/goods/char_detail?serial_num=201708291452568378 天山 男 89级  ╲ヾ雁南飞ゝ 3.6113 0.4075 -1.5 06天03小时34分钟 -5.0 1.584 82 1.682 47 1.529 0.78 2.71156 27251 1.1021 1.29525 1 
http://tl.cyg.changyou.com/goods/char_detail?serial_num=201708291544018983 武当 男 105级  ♀韵の天月♀ 0.216375 -1.6115 -1.2845 06天04小时25分钟 1.112 -2.2813333333333334 60 0.716 22 -1.3305 0.044 0.31092 40853 -1.46865 -1.009125 0 
http://tl.cyg.changyou.com/goods/char_detail?serial_num=201708291546399017 峨嵋 女 92级  丶皇妃罒 -4.6356 -4.702999999999999 -1.49725 06天04小时28分钟 1.88 -7.470666666666666 30 0.066 0 -1.5 0.0 -5.57292 27601 -2.61945 -1.741 0 
http://tl.cyg.changyou.com/goods/char_detail?serial_num=201708291624359398 武当 男 102级  ゆ默灬子詩ゃ 1.18935 1.2455 0.193 06天05小时07分钟 0.5 -2.0213333333333336 87 0.718 34 0.522 0.194 0.64729 36565 0.4563 0.79275 0 
http://tl.cyg.changyou.com/goods/char_detail?serial_num=201708291638119545 天山 女 96级  ℡紫⌒月じ -3.65795 -3.2365 -1.26 06天05小时19分钟 1.651 -5.137333333333333 46 0.344 5 -1.4315 0.002 -2.56026 20477 -1.85145 -1.25175 0 
http://tl.cyg.changyou.com/goods/char_detail?serial_num=201708291646179625 天山 男 108级  桑榆未晚ゝ 2.1063 2.6014999999999997 1.1025 06天05小时28分钟 1.0 1.4026666666666667 24 1.3679999999999999 46 1.162 0.172 2.34686 40671 1.18765 1.32675 1 
http://tl.cyg.changyou.com/goods/char_detail?serial_num=201708291710149864 天山 男 95级  缥缈々光少 -3.84595 -3.586 -1.4725 06天05小时51分钟 1.55 -6.772 74 0.184 5 -1.4515 0.002 -3.03634 18300 -2.2748 -1.358625 0 
http://tl.cyg.changyou.com/goods/char_detail?serial_num=201708291716049922 少林 男 88级  ．小暖阳 2.08005 -2.229 -1.5 06天05小时57分钟 1.0 -1.54 90 0.892 47 0.934 0.909 5.38252 25774 -1.07435 0.49575 0 
http://tl.cyg.changyou.com/goods/char_detail?serial_num=201708291718419953 逍遥 男 95级  抽烟‘是寂寞 -3.99005 -4.043 -1.3515 06天06小时00分钟 1.6 -7.838666666666667 29 0.056 5 -1.456 0.0 -3.28438 29413 -2.2540500000000003 -1.3565 0 
http://tl.cyg.changyou.com/goods/char_detail?serial_num=201708291721329988 峨嵋 男 95级  卑微‘的承诺 -3.87445 -4.1555 -1.46975 06天06小时03分钟 1.55 -7.876 73 0.056 5 -1.458 0.002 -3.0111 41747 -2.44625 -1.59975 0 
http://tl.cyg.changyou.com/goods/char_detail?serial_num=201708291725100022 唐门 男 95级  失去‘的不在 -4.0139 -4.261 -1.4725 06天06小时06分钟 1.62 -7.656 73 0.056 5 -1.448 0.0 -3.18722 26413 -2.2328 -1.435 0 
http://tl.cyg.changyou.com/goods/char_detail?serial_num=201708291725450030 明教 男 88级  ｀烟圏缠绕″ -4.67465 -4.365 -1.5 06天06小时07分钟 1.889 -7.697333333333333 0 0.058 0 -1.463 0.0 -5.83528 11750 -2.566 -1.676375 0 
http://tl.cyg.changyou.com/goods/char_detail?serial_num=201708291726460041 天龙 男 95级  敬候佳音′ -3.9415 -4.255 -1.4725 06天06小时08分钟 1.5 -7.504 43 0.058 5 -1.458 0.0 -2.1807600000000003 22956 -2.46705 -1.591125 0 
http://tl.cyg.changyou.com/goods/char_detail?serial_num=201708291805080502 逍遥 男 92级  №逍遥〃流氓 -4.31155 -4.6125 -1.4725 06天06小时46分钟 1.88 -7.430666666666666 14 0.054 2 -1.486 0.004 -5.1993 18683 -2.5046 -1.5145 0 
http://tl.cyg.changyou.com/goods/char_detail?serial_num=201708291814410625 明教 女 92级  听雨惜旧夢ゝ -1.28205 -1.528 -1.2405 06天06小时56分钟 1.112 -3.388 38 0.456 45 -1.2555 0.01 -2.3337000000000003 18559 -1.529 0.01875 0 
http://tl.cyg.changyou.com/goods/char_detail?serial_num=201708291818280672 逍遥 男 89级  ′南夕寒苼． -2.996 -3.7325 -1.5 06天06小时59分钟 1.62 -4.101333333333333 20 0.468 13 -1.0675 0.012 -2.6041600000000003 22982 -1.85995 -1.14425 0 
http://tl.cyg.changyou.com/goods/char_detail?serial_num=201708291843121004 峨嵋 女 105级  你别皱眉。 0.870575 2.1029999999999998 0.937 06天07小时26分钟 0.45 -2.6799999999999997 484 0.782 40 0.412 0.231 2.82958 55321 -1.08215 0.0445 1 
http://tl.cyg.changyou.com/goods/char_detail?serial_num=201708291925341643 逍遥 男 88级  千岁。 -3.4467 -4.465 -1.5 06天08小时07分钟 1.55 -5.048 30 0.608 19 -1.4785 0.0 -4.34814 32438 -1.91035 -1.1436250000000001 0 
http://tl.cyg.changyou.com/goods/char_detail?serial_num=201708292019142430 天山 男 109级  〆、寒锋ゝ 0.56295 -1.127 0.34 06天09小时00分钟 0.26 0.388 0 1.138 46 -1.143 0.08 1.01502 34757 -1.07145 1.096875 0 
http://tl.cyg.changyou.com/goods/char_detail?serial_num=201708292022082480 逍遥 男 92级  〆卿舞慕雲ゝ -1.7194500000000001 -3.458 -1.28025 06天09小时03分钟 1.15 -4.174666666666667 24 0.502 23 -1.191 0.104 -3.16958 27206 -1.8580999999999999 -1.164125 0 
http://tl.cyg.changyou.com/goods/char_detail?serial_num=201708292035452686 唐门 男 89级  情话丶 -3.5304 -2.8955 -1.5 06天09小时17分钟 1.667 -5.504 36 0.142 7 -1.2365 0.002 -3.0579 23689 -1.8430499999999999 -1.352625 0 
http://tl.cyg.changyou.com/goods/char_detail?serial_num=201708292037482726 逍遥 女 119级  ．小玲児 7.13695 2.636 1.1025 06天09小时19分钟 -7.5 4.546666666666667 0 1.416 48 1.938 1.19 4.68258 58009 1.7248 2.2731250000000003 1 
http://tl.cyg.changyou.com/goods/char_detail?serial_num=201708292041542817 慕容 男 88级  逸留白。 -3.3101 -3.6685 -1.5 06天09小时23分钟 1.5699999999999998 -4.98 0 0.35 30 -1.3479999999999999 0.0 -3.09068 25866 -1.9343 -1.291125 0 
http://tl.cyg.changyou.com/goods/char_detail?serial_num=201708292042512841 天龙 男 89级  清珊 -4.65815 -4.678 -1.5 06天09小时24分钟 1.9 -7.822666666666667 10 0.03 2 -1.4849999999999999 0.0 -5.42306 18047 -2.5090500000000002 -1.659125 0 
http://tl.cyg.changyou.com/goods/char_detail?serial_num=201708292042462839 逍遥 女 119级  你知我几分． 5.57455 2.636 1.1025 06天09小时24分钟 -4.5 2.9306666666666668 493 1.276 47 1.1535 1.014 5.36424 61035 1.6762000000000001 2.052 1 
http://tl.cyg.changyou.com/goods/char_detail?serial_num=201708292042452838 天龙 男 100级  天堂之门 -3.5284 -2.5945 -1.1712500000000001 06天09小时24分钟 1.6 -6.6866666666666665 25 0.204 0 -1.3 0.0 -2.07992 24290 -1.94905 -1.233875 0 
http://tl.cyg.changyou.com/goods/char_detail?serial_num=201708292052243003 逍遥 男 88级  ﹏丶沐汐 -4.07465 -3.8085 -1.5 06天09小时34分钟 1.7 -6.510666666666666 41 0.226 2 -1.4645000000000001 0.0 -4.31492 27520 -2.2316000000000003 -1.411625 0 
http://tl.cyg.changyou.com/goods/char_detail?serial_num=201708292150544083 逍遥 男 88级  ′云中天． -2.33405 -4.7735 -1.5 06天10小时32分钟 1.9 -4.848 60 0.772 20 -1.009 0.026 -3.51832 17745 -1.76465 0.35575 0 
http://tl.cyg.changyou.com/goods/char_detail?serial_num=201708292155004141 慕容 男 88级  离烟．ine -3.49875 -2.5389999999999997 -1.5 06天10小时36分钟 1.512 -6.757333333333333 39 0.168 3 -1.399 0.104 -3.49502 23983 -2.07695 -1.2215 0 
http://tl.cyg.changyou.com/goods/char_detail?serial_num=201708292200384249 天山 男 102级  乌梅． 3.59145 2.636 1.1025 06天10小时42分钟 -2.888 2.3853333333333335 0 1.688 47 1.3375 0.428 2.9549000000000003 27857 1.4748 1.587 1 
http://tl.cyg.changyou.com/goods/char_detail?serial_num=201708292208074383 武当 男 119级  ″﹎大愚．ゝ 10.1024 2.636 1.1025 06天10小时49分钟 -14.0 6.649333333333334 48 1.246 47 2.2215 1.52 6.7541 49248 1.794 1.62325 1 
http://tl.cyg.changyou.com/goods/char_detail?serial_num=201708292229484756 武当 男 88级  冷ˇ -4.190799999999999 -4.154 -1.5 06天11小时11分钟 1.7610000000000001 -5.770666666666667 30 0.208 2 -1.4845 0.0 -4.40902 27062 -2.2443 -1.6128749999999998 0 
http://tl.cyg.changyou.com/goods/char_detail?serial_num=201708292249005024 逍遥 男 102级  看尽人间百态 -4.11035 -3.4875 -1.3525 06天11小时30分钟 1.667 -6.26 27 0.096 2 -1.449 0.016 -4.347519999999999 34501 -2.2481 -1.30525 0 
http://tl.cyg.changyou.com/goods/char_detail?serial_num=201708292253255095 峨嵋 女 101级  尝尽世间美味 -4.339700000000001 -3.5205 -1.37325 06天11小时34分钟 1.667 -6.721333333333333 28 0.072 2 -1.449 0.024 -4.163600000000001 33796 -2.4566 -1.712375 0 
http://tl.cyg.changyou.com/goods/char_detail?serial_num=201708292314375441 逍遥 男 88级  ☆ご尐の潴猪 -2.3 -2.267 -1.5 06天11小时56分钟 0.0995 -4.441333333333333 30 0.342 21 -1.3025 0.052 -2.1443000000000003 44027 -1.6987999999999999 0.22325 0 
http://tl.cyg.changyou.com/goods/char_detail?serial_num=201708292334135711 逍遥 男 110级  Reality．ヽ 0.6837 1.5065 0.5795 06天12小时15分钟 0.05 0.14066666666666666 60 1.01 35 0.519 0.156 0.97482 38800 0.7657 1.3131249999999999 0 
http://tl.cyg.changyou.com/goods/char_detail?serial_num=201708292334375718 天山 男 89级  蛆宝宝 -1.67825 -3.7485 -1.5 06天12小时16分钟 0.611 -2.5613333333333332 35 0.924 34 -1.012 0.098 -1.859 11044 -1.427 0.159 0 
http://tl.cyg.changyou.com/goods/char_detail?serial_num=20170830044306364 峨嵋 女 105级  Snow丶Love 0.808175 -1.079 0.1775 06天13小时26分钟 0.425 -3.392 1074 0.362 21 0.158 0.34 2.73634 51327 -1.51155 -1.06625 1 
