12973 234 1231 47 5790 3018 946524 80633 68562 19951 1 
15817 143 1475 49 8843 4284 983005 68985 91227 32824 1 
12082 13 1203 47 5318 1572 718151 26693 67423 21497 1 
11664 60 668 47 3599 1488 731825 77199 75457 24961 1 
7810 127 1095 46 2862 820 405217 28507 44749 13257 1 
9790 337 825 46 2519 1280 823609 21974 59427 17954 1 
14127 527 1173 47 4211 2100 795040 77125 82604 29918 1 
13411 0 1547 47 5423 2004 987183 79830 62934 18790 1 
10997 87 889 48 3517 1110 824425 69928 59464 18474 1 
14581 69 1127 48 8094 4284 1175497 67152 80382 22993 1 
9264 430 828 47 4279 2560 1021573 101699 62545 16465 1 
1436 64 88 14 28 8 157121 19624 13000 4719 0 
6042 8 444 46 1432 164 395553 39466 42176 11163 1 
3159 78 198 13 403 0 263262 23648 19389 5464 0 
3831 20 317 23 802 2 580437 38455 27110 8871 0 
2422 33 69 7 178 4 233213 15634 22346 5878 0 
416 0 34 0 4 0 74809 14808 6897 1801 0 
5383 88 367 32 688 114 345427 40037 38339 12551 0 
5585 44 486 31 1388 156 387347 35727 38534 9836 1 
3037 100 281 7 200 4 221361 18682 25610 6472 0 
6256 38 542 48 2267 316 430291 43493 47280 15433 1 
472 0 0 0 0 0 47773 15033 4588 1240 0 
3208 29 251 7 172 0 216576 29421 21552 6139 0 
405 20 20 0 2 0 103477 29458 7967 2130 0 
786 20 34 0 0 0 103842 19963 9270 2916 0 
1124 32 68 3 56 0 128646 13549 13967 3460 0 
7140 46 733 48 2614 448 518065 49978 61328 20409 1 
2962 20 345 16 182 20 271395 37169 26158 6078 0 
1257 53 67 7 86 113 263334 47079 13705 3928 0 
4131 30 229 21 542 4 344066 32945 25472 5693 0 
2163 33 201 5 126 22 156122 30613 20272 6012 0 
8025 12 365 44 2705 950 431841 45372 46542 15278 1 
3146 24 196 18 68 0 263687 41409 20617 5838 0 
5609 31 494 29 1373 156 437255 34123 37619 10155 1 
1849 35 169 5 66 2 131556 20961 17745 4661 0 
2318 29 90 5 127 8 260834 31586 17804 4590 0 
5344 58 418 41 1052 156 402596 51057 44428 13455 0 
664 40 79 5 36 0 173342 40187 14261 3416 0 
1699 10 80 7 334 0 253764 26497 18571 5336 0 
4509 153 514 34 1233 18 270458 22590 37390 11038 0 
2930 305 230 12 471 130 206676 39660 33263 8903 0 
3735 24 183 31 1153 138 495289 64617 33027 6422 1 
551 10 10 0 0 0 42692 8374 6654 2847 0 
1465 65 48 21 1034 16 432340 60006 30669 5819 0 
5620 51 458 43 3105 1416 709782 79093 47847 10923 1 
19 0 0 0 0 0 39885 4884 1824 578 0 
6529 46 478 30 1478 160 419713 39822 48744 16999 0 
7007 613 685 47 1912 272 456548 34829 55338 15272 1 
4549 18 441 31 823 156 369572 47353 34781 6878 0 
7943 47 891 48 2482 156 418737 33415 51892 14549 1 
3431 82 318 22 693 116 228837 15834 26079 9239 0 
2614 0 120 10 119 6 213369 34269 15122 4292 0 
3087 30 221 45 719 52 252799 29258 31052 10191 0 
115 5 0 0 0 0 22645 11014 2770 1320 0 
2554 10 212 7 1025 156 199018 56597 28921 5883 0 
2527 127 207 46 180 381 305746 41449 22660 5815 1 
128 37 0 0 0 0 77144 15275 4728 1590 0 
1044 26 99 5 38 0 207917 18930 12094 4494 0 
7465 137 677 46 2246 164 365555 39606 46002 16369 0 
1973 28 209 9 54 0 125116 10732 13626 4455 0 
606 0 37 2 4 0 81710 19836 10903 4479 0 
2601 19 123 13 62 0 249235 34439 18592 6571 0 
6534 66 551 44 2813 60 438763 21659 50406 11876 1 
10309 12 1135 49 3569 632 574290 39421 68767 18912 1 
3549 146 266 17 602 32 274838 17416 28467 9174 0 
387 20 23 2 10 0 115539 32302 9501 2212 0 
7061 0 691 46 1844 94 461045 18034 53384 15587 1 
3182 108 335 21 305 0 234656 11930 24233 7960 0 
788 20 23 5 14 46 267132 36450 13653 3452 0 
8242 175 369 46 2599 316 503200 59009 59334 14273 1 
373 15 10 0 0 0 57752 14409 4808 1681 0 
953 13 49 2 308 0 128402 18735 14498 3278 0 
6377 0 585 42 1447 156 444680 31553 51913 14820 1 
2345 0 227 45 806 321 377434 48108 24325 8359 1 
3093 30 280 13 790 46 261186 20700 28165 7207 0 
2737 9 220 7 106 38 299223 27957 22950 4943 0 
5626 160 459 47 913 44 354760 33728 38692 10961 1 
5323 56 458 31 909 104 354853 51768 39499 12923 1 
7615 0 597 46 1455 28 476470 48409 55750 17441 1 
5997 50 457 48 2732 364 396574 30280 53212 16613 1 
1914 20 116 3 77 0 197405 17031 22101 4841 0 
2690 30 154 14 333 10 208990 29671 18390 5833 0 
4339 30 426 29 309 156 275066 26667 30592 8497 0 
4828 0 335 30 1113 116 368727 44719 42316 13434 0 
2383 215 192 45 850 99 381661 48038 25930 6081 0 
11119 99 1002 48 3359 1392 778623 41309 66184 19362 1 
4796 24 331 47 113 0 348457 30278 22376 6337 0 
3444 38 308 20 308 156 209753 29611 26984 7370 0 
3210 30 141 21 203 32 272086 27416 24492 5138 0 
5848 419 341 33 1660 318 480521 53960 40110 8713 0 
4888 43 371 31 581 40 448794 28172 35077 9751 1 
7904 83 542 48 2433 340 643264 34445 51630 15252 1 
3276 59 278 30 210 46 415942 48316 25308 6903 0 
1270 0 149 0 362 0 144150 12726 8866 3633 0 
9411 172 1458 47 2859 910 545065 41091 61232 17862 0 
470 32 15 0 10 0 59968 24722 8023 2655 0 
0 0 0 0 0 0 21489 5269 4011 1556 0 
1757 42 139 3 44 0 157597 17413 18151 4459 0 
5286 517 405 44 905 116 432567 41577 38311 12615 1 
596 19 15 2 2 0 93060 14371 11745 3721 0 
4818 148 383 38 2145 156 346260 15131 40846 10367 0 
3686 54 261 23 851 60 298023 30070 33394 8631 0 
3144 77 92 17 1042 143 436666 53768 27862 6196 0 
1246 30 12 5 60 2 133353 28957 12014 3548 0 
9181 11 755 47 2823 1380 656531 57885 54774 17521 1 
10739 30 552 49 4016 1380 781848 62056 71591 20876 1 
462 10 21 0 4 0 70787 13799 8842 3052 0 
5436 8 508 24 1670 464 403996 46837 44256 11753 0 
6406 30 532 47 2089 156 418359 38263 42702 10403 1 
20 12 0 0 26 0 55447 6349 2526 750 0 
4029 38 313 20 595 26 263923 23504 27118 7795 0 
3153 31 260 45 327 52 220917 9912 20421 6400 0 
1202 20 80 13 74 20 272246 44990 14628 4418 1 
2065 21 69 0 12 0 155519 23513 15293 4391 0 
1406 19 47 3 140 4 211052 20887 11868 2534 0 
2197 24 109 7 137 0 184543 35344 19380 5344 0 
146 0 0 0 26 20 54179 16107 3555 1011 0 
2411 137 80 7 476 32 232513 32074 27103 7422 0 
4828 44 201 31 329 52 472924 40591 38271 9616 0 
2107 78 158 17 1321 124 268803 21452 27314 7439 0 
5924 38 584 47 1613 156 382976 27156 36410 12007 0 
7629 165 615 47 2745 428 664959 37853 51953 13393 1 
6831 8 391 48 2495 434 585783 28000 47979 13462 1 
3513 69 271 17 720 22 319059 30014 33163 9171 1 
1777 44 55 5 183 14 219813 24904 19994 5306 0 
1923 20 37 5 123 10 197878 26459 22448 6723 0 
4573 8 380 33 1078 76 410974 32054 38524 9671 0 
689 5 85 0 12 0 81361 24695 10109 3351 0 
2903 235 220 25 472 178 296481 39876 27482 6950 0 
2691 15 215 7 464 108 175714 41668 28457 8992 0 
7506 52 649 47 2323 770 622122 22642 50210 15160 1 
1348 51 57 5 69 6 182188 27740 14209 3962 0 
2204 24 223 8 472 88 191426 28579 24456 5277 0 
1108 30 57 13 110 20 225556 30732 15839 4285 0 
5466 0 449 35 1613 156 489205 34472 46273 13621 0 
2754 9 219 5 486 72 229680 33681 29092 9583 0 
6965 67 652 47 2739 368 537067 55745 55672 17979 1 
834 7 90 2 19 0 164134 21727 13883 4104 0 
1520 47 97 3 88 18 215438 14823 20552 5830 0 
4549 20 275 24 668 96 309552 41008 31532 11970 1 
1330 123 88 7 442 2 240448 42959 16347 4061 0 
5168 95 418 31 859 0 409046 19072 39470 9368 0 
2593 36 98 13 160 6 203824 25556 24677 7787 0 
1896 31 109 3 51 0 162032 30198 15077 5602 0 
2391 24 210 5 42 0 177619 13447 17281 3921 0 
5262 341 511 35 1076 156 380983 34595 41584 11156 0 
2173 44 79 17 163 0 280830 15467 23032 6297 0 
6111 366 519 46 1818 164 510450 41326 39991 13112 0 
777 25 68 5 70 0 127609 15869 8041 2194 0 
7522 60 784 47 1895 152 466620 41758 54183 14541 0 
964 29 21 3 93 0 97367 16510 11185 2772 0 
3653 68 307 27 1083 150 316569 11538 28925 7196 0 
4767 66 424 32 791 26 396516 22141 33802 9941 0 
6060 48 419 46 2404 96 401135 34223 51042 13896 1 
87 6 6 0 0 0 49356 6704 4987 1395 0 
174 6 12 0 6 0 59543 9465 6145 1676 0 
557 5 38 0 20 22 93841 28615 9922 3431 0 
105 0 0 0 28 0 25781 14113 6103 2339 0 
1861 23 115 5 97 0 180833 18166 15516 3962 0 
2452 24 159 20 211 14 375280 47109 18635 4347 0 
5623 30 512 37 850 144 429605 41142 43040 13550 1 
4838 38 224 19 504 138 442886 27148 34012 10224 0 
6277 109 485 45 1882 164 408040 47377 54663 18200 1 
751 25 25 3 13 0 109652 18469 8883 2436 0 
1802 29 68 5 147 34 162322 18599 20655 4965 0 
8061 261 636 47 2670 858 657006 25290 54457 16655 1 
6715 7 299 46 2758 1014 447107 68986 49107 10716 0 
3886 38 228 30 1372 250 586683 56775 36606 10727 0 
508 0 0 0 26 0 68388 8054 5890 2499 0 
770 0 40 0 0 0 82768 18692 7306 2744 0 
2081 0 109 10 544 62 278757 44133 23989 5693 0 
4162 24 379 25 189 0 326380 29688 28453 6433 0 
11248 0 1089 46 3660 1392 608846 44650 75903 21842 1 
5080 72 223 35 1244 156 402944 37484 33675 9234 1 
5924 48 464 42 875 32 473410 31849 43121 13873 1 
3502 59 126 26 1170 126 421359 50767 29878 6459 1 
510 10 27 2 52 14 73887 14404 8695 2596 0 
1890 40 54 0 76 30 144134 27400 20048 5883 0 
1473 20 31 3 52 0 202227 28107 13782 3814 0 
4956 30 361 32 1331 132 293731 34203 38984 13544 1 
7206 334 673 46 1480 156 499082 42466 54659 14940 1 
7785 0 553 47 3062 1028 503818 43895 58120 19219 0 
7071 8 492 39 2288 204 473788 56178 48581 14401 0 
3495 15 277 10 640 68 313132 29333 30124 7060 0 
145 5 0 0 0 0 37311 15706 6405 2467 0 
2102 53 66 7 456 20 165366 22996 19498 4619 0 
254 6 0 0 0 0 77543 22160 6108 1471 0 
6468 0 512 47 851 44 409684 29338 51053 13719 0 
3254 4 364 47 177 0 233127 26015 25726 5605 0 
1360 10 80 5 148 46 152340 20470 16606 5043 0 
4420 8 291 31 1057 0 350491 26604 30970 7501 1 
1221 29 143 0 50 30 115792 31446 12726 2817 0 
114 0 0 0 26 0 29326 8871 5161 1820 0 
148 11 35 0 0 0 41078 19623 5323 1137 0 
2857 24 266 13 219 48 200390 9793 19467 6066 0 
6001 38 490 48 1249 156 431566 48107 41751 13377 1 
6473 1721 592 47 2282 600 785914 82445 57328 12153 1 
1880 0 72 2 286 52 168732 34964 17522 4519 0 
880 16 53 0 20 0 95787 27497 12948 3849 0 
2160 30 193 8 235 0 211527 16747 14496 2732 0 
4155 166 151 29 1263 0 290009 40138 41862 8432 0 
2021 67 140 2 524 156 158186 20671 18459 6696 0 
6968 38 706 46 1959 164 456904 24563 51851 15048 1 
4767 15 331 31 1306 342 645519 62548 40594 10247 1 
1336 44 40 3 40 0 115806 28146 13607 5112 0 
3944 78 387 25 294 156 244617 19744 30463 9280 1 
5059 0 297 40 1251 78 407580 22043 32017 8646 1 
7556 48 561 38 1239 156 411391 43051 41259 10612 1 
5381 8 355 40 778 156 537658 48768 37489 7856 1 
2421 19 60 7 356 36 237663 34778 24096 6441 1 
4685 167 429 26 784 156 315139 41532 31186 9160 0 
2953 52 156 5 38 4 211583 40045 18291 5801 0 
4482 38 229 33 1034 70 295078 36771 40386 10769 0 
3159 250 139 30 940 156 425744 55720 36788 8537 0 
5571 88 336 39 1489 156 379588 42854 36916 8949 0 
5382 131 324 45 994 156 683637 30670 44547 9299 0 
5437 38 357 41 1623 156 322695 41562 43967 11970 1 
5605 347 418 26 1052 156 453566 38075 34227 9349 0 
2355 0 98 0 900 496 441371 56806 30771 6567 0 
3702 230 338 16 496 156 254439 31132 31517 12026 0 
3620 20 247 23 801 30 267842 24638 35542 10048 0 
2718 21 155 7 183 26 275963 19842 16773 3894 0 
4700 118 367 21 830 54 378565 35190 40801 13558 0 
3077 58 250 23 214 0 241758 29836 23689 7271 1 
5679 138 443 27 1407 138 411875 44114 44541 13100 1 
3600 0 293 29 582 26 268699 21711 32451 8718 0 
4152 0 252 35 1240 72 356118 34529 36099 10214 0 
5138 68 434 38 1091 110 425106 47332 41435 12136 0 
3452 5 345 21 1174 124 275767 30979 34165 10757 0 
161 0 0 0 0 0 58633 20151 2816 1040 0 
1033 0 80 0 74 0 86671 11431 9392 3646 0 
2210 36 90 17 179 30 359882 51589 19804 5042 0 
1393 30 184 3 96 28 184164 17173 16404 3863 0 
6046 36 459 31 1720 164 492611 28289 49048 13679 0 
776 18 61 7 191 0 173093 37076 17787 3629 0 
853 59 46 5 68 10 108133 20994 13103 4316 0 
1741 26 113 3 104 2 194906 9950 15030 4682 0 
1040 24 25 2 158 0 59373 22252 14329 4421 0 
4596 0 359 40 1038 244 526748 52113 35482 10128 1 
1725 4 78 3 20 0 183115 23755 12744 3706 0 
5305 287 526 30 829 124 362748 27953 38991 11171 0 
9336 0 680 47 2251 366 573443 45300 55749 16537 1 
473 19 21 0 14 0 168118 38605 11279 3239 0 
7654 539 601 45 1684 180 532945 39328 49003 14406 1 
7580 330 681 47 2393 270 518764 68558 54836 17930 0 
2237 36 173 3 1176 304 203527 17820 31422 8626 0 
7617 120 826 47 2272 946 513543 26704 58243 17957 1 
5357 764 411 44 892 1070 595711 53153 46802 12959 1 
8039 170 817 46 2575 380 477139 52368 57137 15202 1 
1620 55 76 5 278 0 197850 15584 15554 4052 0 
6316 30 560 41 1343 156 439483 25826 42725 12120 0 
2748 7 140 10 177 30 239029 32011 18784 5183 0 
6735 48 447 46 1537 156 394445 53480 46612 14691 1 
446 0 16 0 52 0 94222 17859 9754 2733 0 
6944 7 534 46 2985 1392 598477 32675 48780 14432 1 
5128 277 587 46 1255 0 351435 38243 36263 10946 0 
11330 0 594 47 3145 1380 711388 51740 66605 16691 1 
1866 19 87 0 338 4 288865 43476 18653 4717 1 
424 0 25 0 36 0 68658 20156 7571 2897 0 
3168 27 171 19 540 20 243155 37483 28195 6176 0 
2216 29 168 5 64 14 208330 13222 17661 5553 0 
1233 40 24 3 99 6 126268 35125 16331 5066 0 
10545 68 1010 47 2805 298 606412 41720 71937 20727 1 
6785 60 541 47 1935 156 438048 39737 56180 17005 1 
1257 38 159 12 179 26 174321 32521 17747 5236 0 
3001 30 262 13 138 2 259127 25128 26163 6684 0 
352 17 36 0 11 0 71038 24766 7470 1848 0 
2273 58 83 3 531 16 207212 33493 13633 4372 0 
1781 5 188 32 404 0 169031 6715 22455 5084 0 
3402 121 330 24 591 180 268338 25203 18433 7641 0 
6952 0 407 47 2570 340 645635 38606 50244 13451 1 
867 20 49 2 246 10 183451 32939 12213 3103 0 
224 0 0 0 20 0 31874 7820 6215 1630 0 
2279 5 217 14 128 0 129213 36933 17858 4378 0 
2546 120 185 13 597 42 355024 55397 23234 6095 0 
6553 102 558 47 1474 156 467718 39906 55001 16151 1 
3440 488 361 17 1025 74 398724 54080 28273 6375 1 
6928 340 349 39 1949 346 459163 37129 51317 15473 0 
7342 38 573 46 2483 368 527644 25885 50225 14038 1 
6187 192 338 40 1318 100 463245 33845 40606 11071 0 
570 61 27 3 32 15 175224 50523 9727 3014 0 
823 22 62 0 64 2 95949 10599 10938 3194 0 
1269 19 76 3 64 0 144911 18367 12302 4541 0 
6529 481 571 39 2311 164 502366 42731 47437 14673 1 
6051 118 375 36 1726 156 462550 46488 42883 13646 1 
326 16 0 0 4 0 36676 12789 6660 2154 0 
1121 40 41 3 50 0 167207 26441 11288 2811 0 
11094 12 1008 47 3321 1380 678109 27518 69289 19488 1 
5864 12 477 40 1318 156 491444 34554 42480 9982 0 
3665 236 166 10 173 80 286125 31531 20921 6304 0 
3828 87 244 17 927 96 358264 65772 35410 9818 0 
7255 269 583 46 2685 374 513383 50687 55629 16900 1 
9908 0 603 48 2025 156 576347 44385 56388 13315 1 
702 23 20 0 0 0 105161 25041 7047 2006 0 
4649 75 341 45 1988 605 647779 75743 40467 10897 1 
7682 283 584 47 1785 794 538265 50249 53053 18227 1 
6674 0 592 45 1381 156 471721 24976 50796 12218 0 
4396 8 425 25 1837 180 367123 47332 39702 11834 1 
6163 103 589 43 1789 156 479824 24195 49533 14252 1 
5511 254 476 37 1612 156 340713 21359 45059 11580 1 
4020 13 220 41 707 4 361429 39201 36427 8818 1 
1650 40 131 2 54 2 167993 38622 20638 6351 0 
9049 34 756 47 2657 924 653552 48732 56984 18011 1 
9431 175 811 47 2929 1270 678780 55810 57651 18721 1 
5084 0 368 31 1732 156 394315 20531 42010 9844 0 
9540 0 524 47 3174 1380 764331 31244 58106 15198 1 
5707 36 459 39 608 156 437319 52196 42228 12144 1 
3639 234 207 25 754 212 521200 63220 34474 7402 1 
1050 8 80 2 92 8 127364 15014 11396 3259 0 
6437 51 435 47 2540 158 388390 30244 46742 11871 1 
459 15 37 0 20 0 76163 21678 7628 1933 0 
404 6 0 0 6 0 88136 10191 6754 2069 0 
6634 5 552 46 3322 150 412558 26315 45620 15534 1 
6898 48 496 44 1342 150 475164 41874 45682 14882 1 
2134 85 420 47 484 0 130055 6299 13851 4616 0 
5137 45 405 39 799 52 327253 24527 35218 9111 0 
4328 30 401 30 1210 156 251885 32459 32234 11628 0 
4089 153 411 25 551 60 323463 26333 27276 7353 0 
4754 24 335 40 1409 26 291208 32825 41249 12422 0 
8403 127 588 46 2469 1120 620028 58871 53713 17400 1 
694 5 57 0 6 2 67710 22936 8226 2140 0 
84 0 0 0 0 0 52452 5923 5219 1156 0 
7438 82 841 47 3058 780 485578 27251 52042 14362 1 
4539 60 358 22 339 44 331092 40853 30627 7927 0 
647 30 33 0 0 0 71354 27601 7611 2072 0 
4734 87 359 34 1522 194 364729 36565 44563 11171 0 
2397 46 172 5 137 2 221987 20477 22971 5986 0 
7302 24 684 46 2324 172 467343 40671 53753 14614 1 
1171 74 92 5 97 2 198183 18300 14504 5131 0 
5095 90 446 47 1934 909 619126 25774 38513 9983 0 
371 29 28 5 88 0 185781 29413 14919 5148 0 
343 73 28 5 84 2 199445 41747 11075 3202 0 
508 73 28 5 104 0 190639 26413 15344 4520 0 
477 0 29 0 74 0 58236 11750 8680 2589 0 
622 43 29 5 84 0 240962 22956 10659 3271 0 
677 14 27 2 28 4 90035 18683 9908 3884 0 
3709 38 228 45 489 10 233315 18559 29420 8075 0 
3174 20 234 13 865 12 219792 22982 22801 6846 0 
4240 484 391 40 1412 231 491479 55321 38357 8178 1 
2464 30 304 19 43 0 132593 32438 21793 6851 0 
6082 0 569 46 714 80 400751 34757 38571 12775 0 
3119 24 251 23 618 104 191521 27206 22838 6687 0 
2122 36 71 7 527 2 197105 23689 23139 5179 0 
9660 0 708 48 3876 1380 584129 58009 64496 22185 1 
2515 0 175 30 304 0 195466 25866 21314 5671 0 
383 10 15 2 30 0 78847 18047 9819 2727 0 
8448 493 638 47 2307 1028 618212 61035 63524 20416 1 
1235 25 102 0 400 0 246004 24290 21019 6129 0 
1367 41 113 2 71 0 134254 27520 15368 4707 0 
2614 60 386 20 982 26 174084 17745 24707 9423 0 
1182 39 84 3 202 104 175249 23983 18461 6228 0 
8039 0 844 47 2675 428 497745 27857 59496 16696 1 
11237 48 623 47 4443 2040 687705 49248 65880 16986 1 
1922 30 104 2 31 0 129549 27062 15114 3097 0 
1555 27 48 2 102 16 132624 34501 15038 5558 0 
1209 28 36 2 102 24 141820 33796 10868 2301 0 
2919 30 171 21 395 52 242785 44027 26024 8893 0 
5711 60 505 35 1519 156 397482 38800 47657 14505 0 
4329 35 462 34 976 98 257050 11044 31460 8636 0 
3706 1074 181 21 1158 340 486817 51327 29769 7470 1 
